200.182 91.292
200.437 91.693
200.691 91.256
200.946 90.128
201.201 89.142
201.455 88.838
201.710 88.284
201.964 87.776
202.219 86.850
202.474 86.172
202.728 85.377
202.983 84.600
203.237 83.523
203.492 82.600
203.747 82.129
204.001 81.362
204.256 80.306
204.510 78.924
204.765 77.655
205.020 76.709
205.274 75.745
205.529 74.777
205.783 73.412
206.038 72.128
206.293 71.171
206.547 70.180
206.802 68.894
207.057 67.728
207.311 67.253
207.566 66.720
207.820 66.046
208.075 65.323
208.330 64.858
208.584 64.179
208.839 63.130
209.093 62.312
209.348 61.368
209.603 60.549
209.857 60.072
210.112 59.614
210.366 59.035
210.621 58.464
210.876 57.691
211.130 56.750
211.385 55.975
211.639 55.423
211.894 54.752
212.149 54.017
212.403 53.515
212.658 52.856
212.913 52.280
213.167 51.877
213.422 51.330
213.676 50.522
213.931 49.885
214.186 49.479
214.440 48.862
214.695 48.579
214.949 48.340
215.204 47.976
215.459 47.432
215.713 46.889
215.968 46.379
216.222 45.952
216.477 45.526
216.732 45.312
216.986 45.295
217.241 45.140
217.495 44.882
217.750 44.407
218.005 43.863
218.259 43.539
218.514 43.142
218.769 42.643
219.023 42.354
219.278 41.961
219.532 41.505
219.787 41.253
220.042 40.896
220.296 40.518
220.551 40.102
220.805 39.693
221.060 39.517
221.315 39.240
221.569 38.792
221.824 38.483
222.078 38.235
222.333 37.875
222.588 37.531
222.842 37.388
223.097 37.172
223.351 36.951
223.606 36.704
223.861 36.433
224.115 36.259
224.370 36.015
224.625 35.787
224.879 35.601
225.134 35.408
225.388 35.213
225.643 35.086
225.898 34.994
226.152 34.938
226.407 34.855
226.661 34.793
226.916 34.653
227.171 34.580
227.425 34.505
227.680 34.411
227.934 34.319
228.189 34.173
228.444 34.119
228.698 34.084
228.953 33.953
229.208 33.866
229.462 33.774
229.717 33.721
229.971 33.658
230.226 33.672
230.481 33.734
230.735 33.720
230.990 33.731
231.244 33.786
231.499 33.841
231.754 33.845
232.008 33.893
232.263 34.007
232.517 34.065
232.772 34.095
233.027 34.144
233.281 34.149
233.536 34.189
233.790 34.228
234.045 34.252
234.300 34.347
234.554 34.410
234.809 34.519
235.064 34.623
235.318 34.770
235.573 34.870
235.827 34.964
236.082 35.106
236.337 35.225
236.591 35.361
236.846 35.508
237.100 35.690
237.355 35.835
237.610 35.998
237.864 36.140
238.119 36.225
238.373 36.380
238.628 36.600
238.883 36.732
239.137 36.842
239.392 37.003
239.646 37.168
239.901 37.342
240.156 37.487
240.410 37.662
240.665 37.824
240.920 37.979
241.174 38.096
241.429 38.210
241.683 38.346
241.938 38.463
242.193 38.550
242.447 38.663
242.702 38.801
242.956 38.866
243.211 38.961
243.466 39.109
243.720 39.190
243.975 39.254
244.229 39.354
244.484 39.486
244.739 39.576
244.993 39.642
245.248 39.695
245.503 39.780
245.757 39.816
246.012 39.860
246.266 39.934
246.521 39.993
246.776 40.021
247.030 40.037
247.285 40.055
247.539 40.096
247.794 40.102
248.049 40.118
248.303 40.192
248.558 40.237
248.812 40.267
249.067 40.330
249.322 40.380
249.576 40.412
249.831 40.406
250.085 40.431
250.340 40.466
250.595 40.508
250.849 40.535
251.104 40.556
251.359 40.538
251.613 40.520
251.868 40.558
252.122 40.567
252.377 40.593
252.632 40.635
252.886 40.668
253.141 40.693
253.395 40.682
253.650 40.667
253.905 40.692
254.161 40.720
254.416 40.724
254.672 40.714
254.927 40.734
255.183 40.745
255.438 40.762
255.694 40.804
255.949 40.866
256.205 40.897
256.460 40.949
256.715 41.043
256.971 41.105
257.226 41.111
257.482 41.166
257.737 41.236
257.993 41.290
258.248 41.307
258.504 41.298
258.759 41.322
259.014 41.386
259.270 41.425
259.525 41.444
259.781 41.487
260.036 41.583
260.292 41.666
260.547 41.744
260.803 41.785
261.058 41.817
261.314 41.821
261.569 41.847
261.824 41.833
262.080 41.816
262.335 41.822
262.591 41.821
262.846 41.796
263.102 41.757
263.357 41.742
263.613 41.766
263.868 41.833
264.123 41.893
264.379 41.923
264.634 41.951
264.890 41.996
265.145 42.034
265.401 42.029
265.656 42.020
265.912 42.036
266.167 42.057
266.423 42.075
266.678 42.088
266.933 42.122
267.189 42.186
267.444 42.248
267.700 42.319
267.955 42.364
268.211 42.392
268.466 42.444
268.722 42.540
268.977 42.596
269.232 42.616
269.488 42.625
269.743 42.603
269.999 42.607
270.254 42.656
270.510 42.685
270.765 42.696
271.021 42.703
271.276 42.747
271.532 42.794
271.787 42.820
272.042 42.859
272.298 42.850
272.553 42.843
272.809 42.825
273.064 42.825
273.320 42.882
273.575 43.005
273.831 43.064
274.086 43.063
274.342 43.083
274.597 43.117
274.852 43.154
275.108 43.224
275.363 43.283
275.619 43.302
275.874 43.334
276.130 43.389
276.385 43.456
276.641 43.483
276.896 43.494
277.151 43.508
277.407 43.508
277.662 43.572
277.918 43.649
278.173 43.725
278.429 43.806
278.684 43.838
278.940 43.814
279.195 43.862
279.451 43.913
279.706 43.942
279.961 43.984
280.217 44.019
280.472 44.032
280.728 44.046
280.983 44.051
281.239 44.078
281.494 44.112
281.750 44.135
282.005 44.172
282.260 44.237
282.516 44.293
282.771 44.340
283.027 44.362
283.282 44.378
283.538 44.382
283.793 44.384
284.049 44.425
284.304 44.468
284.560 44.473
284.815 44.463
285.070 44.502
285.326 44.554
285.581 44.604
285.837 44.657
286.092 44.712
286.348 44.796
286.603 44.876
286.859 44.935
287.114 44.982
287.369 44.993
287.625 45.005
287.880 45.025
288.136 45.061
288.391 45.122
288.647 45.176
288.902 45.244
289.158 45.281
289.413 45.324
289.669 45.395
289.924 45.479
290.179 45.580
290.435 45.648
290.690 45.717
290.946 45.774
291.201 45.841
291.457 45.902
291.712 45.922
291.968 45.937
292.223 45.974
292.479 46.059
292.734 46.177
292.989 46.290
293.245 46.414
293.500 46.531
293.756 46.617
294.011 46.676
294.267 46.747
294.522 46.817
294.778 46.876
295.033 46.983
295.288 47.083
295.544 47.146
295.799 47.227
296.055 47.273
296.310 47.354
296.566 47.450
296.821 47.531
297.077 47.647
297.332 47.741
297.588 47.811
297.843 47.846
298.098 47.897
298.354 47.949
298.609 47.977
298.865 48.009
299.120 48.081
299.376 48.164
299.631 48.223
299.887 48.299
300.142 48.398
300.397 48.421
300.653 48.458
300.908 48.536
301.164 48.625
301.419 48.725
301.675 48.783
301.930 48.840
302.186 48.919
302.441 48.975
302.697 49.040
302.952 49.109
303.207 49.181
303.463 49.256
303.718 49.326
303.974 49.406
304.229 49.471
304.485 49.509
304.740 49.592
304.996 49.696
305.251 49.776
305.506 49.852
305.762 49.902
306.017 49.930
306.273 49.966
306.528 49.977
306.784 50.009
307.039 50.042
307.295 50.081
307.550 50.137
307.806 50.161
308.061 50.206
308.316 50.275
308.572 50.341
308.827 50.371
309.083 50.390
309.338 50.430
309.594 50.473
309.849 50.537
310.105 50.597
310.360 50.659
310.615 50.660
310.871 50.673
311.126 50.740
311.382 50.799
311.637 50.829
311.893 50.855
312.148 50.887
312.404 50.952
312.659 50.979
312.915 51.024
313.170 51.122
313.429 51.173
313.688 51.182
313.947 51.204
314.206 51.246
314.465 51.296
314.724 51.326
314.983 51.385
315.242 51.424
315.501 51.430
315.760 51.413
316.019 51.454
316.278 51.457
316.536 51.510
316.795 51.555
317.054 51.605
317.313 51.671
317.572 51.679
317.831 51.683
318.090 51.733
318.349 51.722
318.608 51.686
318.867 51.675
319.126 51.719
319.385 51.752
319.644 51.743
319.903 51.750
320.162 51.783
320.421 51.804
320.680 51.818
320.939 51.876
321.198 51.907
321.457 51.911
321.716 51.973
321.975 52.012
322.234 52.046
322.493 52.070
322.752 52.118
323.010 52.202
323.269 52.270
323.528 52.290
323.787 52.309
324.046 52.355
324.305 52.397
324.564 52.437
324.823 52.502
325.082 52.572
325.341 52.616
325.600 52.612
325.859 52.599
326.118 52.617
326.377 52.580
326.636 52.548
326.895 52.571
327.154 52.578
327.413 52.551
327.672 52.561
327.931 52.618
328.190 52.607
328.449 52.591
328.708 52.597
328.967 52.615
329.226 52.622
329.485 52.616
329.743 52.626
330.002 52.621
330.261 52.623
330.520 52.668
330.779 52.734
331.038 52.835
331.297 52.934
331.556 52.992
331.815 53.072
332.074 53.151
332.333 53.225
332.592 53.269
332.851 53.270
333.110 53.291
333.369 53.272
333.628 53.280
333.887 53.313
334.146 53.365
334.405 53.432
334.664 53.489
334.923 53.549
335.182 53.607
335.441 53.632
335.700 53.676
335.959 53.677
336.217 53.638
336.476 53.624
336.735 53.634
336.994 53.640
337.253 53.607
337.512 53.612
337.771 53.647
338.030 53.696
338.289 53.798
338.548 53.847
338.807 53.902
339.066 53.966
339.325 54.004
339.584 54.000
339.843 54.000
340.102 54.056
340.361 54.083
340.620 54.100
340.879 54.127
341.138 54.114
341.397 54.139
341.656 54.215
341.915 54.255
342.174 54.284
342.433 54.365
342.691 54.472
342.950 54.589
343.209 54.637
343.468 54.646
343.727 54.660
343.986 54.711
344.245 54.763
344.504 54.771
344.763 54.779
345.022 54.832
345.281 54.894
345.540 54.956
345.799 55.006
346.058 55.061
346.317 55.140
346.576 55.187
346.835 55.254
347.094 55.307
347.353 55.345
347.612 55.408
347.871 55.422
348.130 55.447
348.389 55.479
348.648 55.530
348.907 55.580
349.166 55.588
349.424 55.608
349.683 55.625
349.942 55.718
350.201 55.807
350.460 55.848
350.719 55.857
350.978 55.855
351.237 55.879
351.496 55.893
351.755 55.897
352.014 55.921
352.273 55.898
352.532 55.929
352.791 55.984
353.050 55.981
353.309 55.982
353.568 55.991
353.827 55.992
354.086 55.989
354.345 56.051
354.604 56.146
354.863 56.194
355.122 56.251
355.381 56.275
355.640 56.284
355.898 56.296
356.157 56.350
356.416 56.419
356.675 56.449
356.934 56.443
357.193 56.482
357.452 56.537
357.711 56.608
357.970 56.600
358.229 56.651
358.488 56.735
358.747 56.786
359.006 56.761
359.265 56.744
359.524 56.748
359.783 56.733
360.042 56.719
360.301 56.738
360.560 56.755
360.819 56.773
361.078 56.770
361.337 56.805
361.596 56.815
361.855 56.826
362.114 56.890
362.372 57.011
362.631 57.057
362.890 57.075
363.149 57.127
363.408 57.221
363.667 57.207
363.926 57.161
364.185 57.196
364.444 57.328
364.703 57.454
364.962 57.531
365.221 57.566
365.480 57.591
365.745 57.593
366.009 57.585
366.274 57.582
366.539 57.640
366.804 57.674
367.068 57.721
367.333 57.753
367.598 57.794
367.863 57.817
368.127 57.878
368.392 57.915
368.657 57.944
368.921 57.945
369.186 57.999
369.451 58.092
369.716 58.130
369.980 58.138
370.245 58.158
370.510 58.229
370.775 58.260
371.039 58.293
371.304 58.341
371.569 58.453
371.834 58.510
372.098 58.542
372.363 58.602
372.628 58.627
372.892 58.633
373.157 58.656
373.422 58.677
373.687 58.700
373.951 58.746
374.216 58.742
374.481 58.759
374.746 58.767
375.010 58.747
375.275 58.748
375.540 58.781
375.804 58.785
376.069 58.772
376.334 58.825
376.599 58.845
376.863 58.882
377.128 58.904
377.393 58.993
377.658 59.059
377.922 59.075
378.187 59.105
378.452 59.166
378.716 59.219
378.981 59.244
379.246 59.261
379.511 59.274
379.775 59.300
380.040 59.326
380.305 59.350
380.570 59.427
380.834 59.498
381.099 59.580
381.364 59.648
381.629 59.681
381.893 59.708
382.158 59.774
382.423 59.848
382.687 59.867
382.952 59.850
383.217 59.895
383.482 59.954
383.746 59.999
384.011 60.005
384.276 59.999
384.541 60.014
384.805 60.040
385.070 60.106
385.335 60.180
385.599 60.275
385.864 60.347
386.129 60.368
386.394 60.404
386.658 60.430
386.923 60.444
387.188 60.458
387.453 60.502
387.717 60.552
387.982 60.543
388.247 60.576
388.511 60.637
388.776 60.676
389.041 60.708
389.306 60.790
389.570 60.866
389.835 60.905
390.100 60.957
390.365 61.000
390.629 61.018
390.894 61.048
391.159 61.009
391.424 61.013
391.688 61.056
391.953 61.092
392.218 61.108
392.482 61.161
392.747 61.252
393.012 61.298
393.277 61.321
393.541 61.385
393.806 61.419
394.071 61.423
394.336 61.442
394.600 61.469
394.865 61.432
395.130 61.423
395.394 61.428
395.659 61.484
395.924 61.537
396.189 61.604
396.453 61.668
396.718 61.727
396.983 61.798
397.248 61.848
397.512 61.884
397.777 61.912
398.042 61.938
398.306 61.931
398.571 61.922
398.836 61.974
399.101 62.000
399.365 62.052
399.630 62.121
399.895 62.160
400.160 62.183
400.424 62.247
400.689 62.322
400.954 62.408
401.219 62.423
401.483 62.462
401.748 62.489
402.013 62.498
402.277 62.563
402.542 62.637
402.807 62.678
403.072 62.694
403.336 62.710
403.601 62.714
403.866 62.757
404.131 62.826
404.395 62.847
404.660 62.857
404.929 62.860
405.198 62.863
405.466 62.869
405.735 62.910
406.004 62.957
406.273 63.000
406.542 63.058
406.810 63.128
407.079 63.129
407.348 63.140
407.617 63.144
407.886 63.167
408.154 63.200
408.423 63.215
408.692 63.231
408.961 63.267
409.229 63.304
409.498 63.316
409.767 63.344
410.036 63.377
410.305 63.418
410.573 63.451
410.842 63.515
411.111 63.576
411.380 63.633
411.649 63.646
411.917 63.652
412.186 63.611
412.455 63.588
412.724 63.637
412.993 63.679
413.261 63.771
413.530 63.832
413.799 63.840
414.068 63.852
414.337 63.891
414.605 63.926
414.874 63.956
415.143 64.001
415.412 64.040
415.681 64.096
415.949 64.172
416.218 64.202
416.487 64.201
416.756 64.202
417.024 64.183
417.293 64.199
417.562 64.214
417.831 64.267
418.100 64.333
418.368 64.341
418.637 64.346
418.906 64.330
419.175 64.319
419.444 64.313
419.712 64.346
419.981 64.395
420.250 64.398
420.519 64.392
420.788 64.405
421.056 64.427
421.325 64.424
421.594 64.447
421.863 64.482
422.132 64.507
422.400 64.540
422.669 64.564
422.938 64.590
423.207 64.642
423.476 64.696
423.744 64.737
424.013 64.770
424.282 64.798
424.551 64.819
424.819 64.862
425.088 64.898
425.357 64.918
425.626 64.930
425.895 64.994
426.163 65.032
426.432 65.048
426.701 65.039
426.970 65.042
427.239 65.043
427.507 65.048
427.776 65.060
428.045 65.093
428.314 65.166
428.583 65.197
428.851 65.188
429.120 65.176
429.389 65.138
429.658 65.128
429.927 65.168
430.195 65.201
430.464 65.210
430.733 65.215
431.002 65.252
431.271 65.282
431.539 65.276
431.808 65.339
432.077 65.418
432.346 65.511
432.614 65.565
432.883 65.545
433.152 65.570
433.421 65.597
433.690 65.570
433.958 65.554
434.227 65.567
434.496 65.617
434.765 65.701
435.034 65.789
435.302 65.843
435.571 65.850
435.840 65.888
436.116 65.885
436.393 65.921
436.669 65.959
436.945 65.988
437.221 66.066
437.498 66.127
437.774 66.154
438.050 66.151
438.326 66.195
438.603 66.288
438.879 66.340
439.155 66.382
439.431 66.437
439.708 66.419
439.984 66.432
440.260 66.446
440.537 66.442
440.813 66.426
441.089 66.425
441.365 66.469
441.642 66.519
441.918 66.581
442.194 66.604
442.470 66.619
442.747 66.645
443.023 66.636
443.299 66.621
443.575 66.621
443.852 66.599
444.128 66.559
444.404 66.538
444.680 66.527
444.957 66.515
445.233 66.537
445.509 66.596
445.786 66.618
446.062 66.652
446.338 66.673
446.614 66.693
446.891 66.735
447.167 66.733
447.443 66.718
447.719 66.742
447.996 66.726
448.272 66.693
448.548 66.685
448.824 66.689
449.101 66.678
449.377 66.697
449.653 66.760
449.930 66.831
450.206 66.861
450.482 66.885
450.758 66.923
451.035 66.923
451.311 66.931
451.587 66.986
451.863 67.004
452.140 67.003
452.416 67.046
452.692 67.061
452.968 67.086
453.245 67.082
453.521 67.078
453.797 67.118
454.074 67.147
454.350 67.152
454.626 67.158
454.902 67.200
455.179 67.202
455.455 67.214
455.731 67.235
456.007 67.276
456.284 67.318
456.560 67.336
456.836 67.366
457.112 67.389
457.389 67.406
457.665 67.441
457.941 67.460
458.218 67.463
458.494 67.498
458.770 67.549
459.046 67.622
459.323 67.680
459.599 67.713
459.875 67.740
460.151 67.771
460.428 67.821
460.704 67.816
460.980 67.846
461.256 67.842
461.533 67.827
461.809 67.810
462.085 67.799
462.361 67.834
462.638 67.850
462.914 67.865
463.190 67.833
463.467 67.788
463.743 67.760
464.019 67.735
464.295 67.716
464.572 67.704
464.848 67.685
465.124 67.663
465.400 67.674
465.677 67.699
465.953 67.723
466.229 67.681
466.505 67.658
466.782 67.667
467.058 67.717
467.334 67.743
467.611 67.762
467.887 67.793
468.163 67.787
468.439 67.835
468.716 67.885
468.992 67.948
469.268 68.008
469.544 68.029
469.821 68.044
470.097 68.130
470.373 68.173
470.649 68.173
470.926 68.176
471.202 68.197
471.478 68.214
471.755 68.206
472.031 68.233
472.307 68.273
472.583 68.288
472.860 68.282
473.136 68.329
473.412 68.405
473.688 68.429
473.965 68.454
474.241 68.440
474.517 68.444
474.793 68.448
475.070 68.464
475.346 68.500
475.622 68.524
475.899 68.501
476.175 68.510
476.451 68.540
476.727 68.576
477.004 68.592
477.280 68.625
477.556 68.686
477.832 68.774
478.109 68.836
478.385 68.854
478.661 68.865
478.937 68.832
479.214 68.773
479.490 68.755
479.766 68.770
480.043 68.772
480.319 68.757
480.595 68.775
480.871 68.777
481.148 68.800
481.424 68.842
481.700 68.855
481.976 68.831
482.253 68.841
482.529 68.839
482.805 68.814
483.081 68.808
483.358 68.831
483.634 68.837
483.910 68.841
484.186 68.835
484.463 68.850
484.739 68.897
485.015 68.930
485.292 68.959
485.568 68.960
485.844 69.008
486.120 69.051
486.397 69.076
486.673 69.129
486.949 69.153
487.225 69.130
487.502 69.133
487.778 69.175
488.054 69.200
488.330 69.227
488.607 69.279
488.883 69.309
489.159 69.300
489.436 69.283
489.712 69.289
489.988 69.312
490.264 69.330
490.541 69.369
490.817 69.408
491.093 69.442
491.369 69.482
491.646 69.500
491.922 69.520
492.198 69.498
492.474 69.473
492.751 69.517
493.027 69.599
493.303 69.649
493.580 69.689
493.856 69.714
494.132 69.708
494.408 69.743
494.685 69.786
494.961 69.837
495.237 69.889
495.513 69.909
495.790 69.947
496.066 69.970
496.342 69.935
496.618 69.918
496.895 69.944
497.171 69.992
497.447 70.031
497.724 70.038
498.000 70.063
498.276 70.104
498.552 70.095
498.829 70.094
499.105 70.115
499.381 70.138
499.657 70.173
499.934 70.240
500.210 70.255
500.486 70.237
500.762 70.248
501.039 70.244
501.315 70.285
501.591 70.324
501.867 70.367
502.144 70.429
502.420 70.472
502.696 70.469
502.973 70.420
503.249 70.381
503.525 70.406
503.801 70.439
504.078 70.446
504.354 70.458
504.630 70.473
504.906 70.472
505.183 70.487
505.459 70.489
505.735 70.473
506.011 70.476
506.288 70.497
506.564 70.480
506.840 70.516
507.117 70.519
507.393 70.519
507.669 70.525
507.945 70.522
508.222 70.535
508.498 70.586
508.774 70.677
509.050 70.746
509.327 70.776
509.603 70.800
509.879 70.819
510.155 70.858
510.432 70.878
510.708 70.925
510.984 70.925
511.261 70.908
511.537 70.904
511.813 70.897
512.089 70.908
512.366 70.943
512.642 70.961
512.918 70.997
513.194 71.047
513.471 71.049
513.747 71.059
514.023 71.089
514.299 71.088
514.576 71.071
514.852 71.082
515.128 71.110
515.405 71.154
515.681 71.187
515.957 71.226
516.233 71.277
516.510 71.322
516.786 71.390
517.062 71.457
517.338 71.520
517.615 71.593
517.891 71.627
518.167 71.627
518.443 71.653
518.720 71.652
518.996 71.627
519.272 71.648
519.548 71.680
519.825 71.711
520.101 71.743
520.377 71.790
520.654 71.849
520.930 71.875
521.206 71.825
521.482 71.841
521.759 71.849
522.035 71.847
522.311 71.808
522.587 71.778
522.864 71.773
523.140 71.795
523.416 71.780
523.692 71.794
523.969 71.830
524.245 71.812
524.521 71.803
524.798 71.818
525.074 71.818
525.350 71.800
525.626 71.782
525.903 71.810
526.179 71.811
526.455 71.777
526.731 71.776
527.008 71.836
527.284 71.860
527.560 71.879
527.836 71.875
528.113 71.881
528.389 71.891
528.665 71.890
528.942 71.882
529.218 71.909
529.494 71.959
529.770 71.976
530.047 71.999
530.323 72.036
530.599 72.089
530.875 72.135
531.152 72.198
531.428 72.256
531.704 72.243
531.980 72.247
532.257 72.287
532.533 72.317
532.809 72.345
533.086 72.373
533.362 72.391
533.638 72.422
533.914 72.470
534.191 72.494
534.467 72.534
534.743 72.568
535.019 72.583
535.296 72.584
535.572 72.588
535.848 72.579
536.124 72.565
536.401 72.563
536.677 72.539
536.953 72.535
537.230 72.510
537.506 72.511
537.782 72.513
538.058 72.505
538.335 72.516
538.611 72.534
538.887 72.508
539.163 72.485
539.440 72.496
539.716 72.513
539.992 72.507
540.268 72.521
540.545 72.514
540.821 72.515
541.097 72.544
541.373 72.587
541.650 72.606
541.926 72.648
542.202 72.655
542.479 72.700
542.755 72.723
543.031 72.728
543.307 72.763
543.584 72.821
543.860 72.826
544.136 72.798
544.412 72.792
544.689 72.849
544.965 72.907
545.241 72.922
545.517 72.906
545.794 72.937
546.070 72.958
546.356 72.974
546.642 72.972
546.928 72.930
547.214 72.905
547.500 72.938
547.786 72.958
548.072 72.963
548.358 72.969
548.644 72.985
548.930 73.039
549.216 73.062
549.502 73.081
549.788 73.108
550.074 73.168
550.360 73.167
550.646 73.116
550.932 73.075
551.218 73.081
551.504 73.087
551.790 73.090
552.076 73.081
552.362 73.075
552.648 73.109
552.934 73.160
553.220 73.204
553.506 73.222
553.793 73.197
554.079 73.208
554.365 73.217
554.651 73.224
554.937 73.187
555.223 73.166
555.509 73.157
555.795 73.141
556.081 73.137
556.367 73.138
556.653 73.166
556.939 73.211
557.225 73.229
557.511 73.244
557.797 73.253
558.083 73.261
558.369 73.269
558.655 73.252
558.941 73.213
559.227 73.177
559.513 73.142
559.799 73.149
560.085 73.143
560.371 73.157
560.657 73.147
560.943 73.153
561.229 73.183
561.515 73.200
561.801 73.243
562.087 73.227
562.373 73.238
562.659 73.232
562.945 73.225
563.231 73.202
563.517 73.183
563.803 73.174
564.089 73.159
564.375 73.206
564.661 73.253
564.947 73.289
565.233 73.337
565.519 73.368
565.805 73.366
566.091 73.357
566.377 73.346
566.663 73.324
566.949 73.292
567.235 73.277
567.521 73.251
567.807 73.202
568.093 73.178
568.379 73.151
568.665 73.163
568.951 73.149
569.237 73.157
569.524 73.177
569.810 73.173
570.096 73.187
570.382 73.172
570.668 73.150
570.954 73.149
571.240 73.097
571.526 73.069
571.812 73.062
572.098 73.076
572.384 73.075
572.670 73.087
572.956 73.137
573.242 73.131
573.528 73.116
573.814 73.142
574.100 73.172
574.386 73.222
574.672 73.249
574.958 73.256
575.244 73.272
575.530 73.282
575.816 73.284
576.102 73.304
576.388 73.290
576.674 73.268
576.960 73.249
577.248 73.255
577.536 73.268
577.824 73.293
578.113 73.303
578.401 73.309
578.689 73.320
578.977 73.307
579.265 73.282
579.553 73.267
579.841 73.248
580.130 73.219
580.418 73.205
580.706 73.199
580.994 73.199
581.282 73.172
581.570 73.158
581.858 73.184
582.147 73.167
582.435 73.164
582.723 73.200
583.011 73.232
583.299 73.287
583.587 73.341
583.875 73.359
584.164 73.352
584.452 73.348
584.740 73.373
585.028 73.386
585.316 73.396
585.604 73.405
585.892 73.406
586.181 73.428
586.469 73.420
586.757 73.419
587.045 73.427
587.333 73.465
587.621 73.470
587.909 73.448
588.198 73.447
588.486 73.453
588.774 73.430
589.062 73.425
589.350 73.421
589.638 73.393
589.927 73.398
590.215 73.394
590.503 73.374
590.791 73.350
591.079 73.346
591.367 73.394
591.655 73.436
591.944 73.440
592.232 73.432
592.520 73.449
592.808 73.451
593.096 73.448
593.384 73.457
593.672 73.462
593.961 73.462
594.249 73.465
594.537 73.482
594.825 73.482
595.113 73.465
595.401 73.448
595.689 73.461
595.978 73.456
596.266 73.467
596.554 73.484
596.842 73.521
597.130 73.559
597.418 73.549
597.706 73.522
597.995 73.522
598.283 73.529
598.571 73.516
598.859 73.516
599.147 73.502
599.435 73.481
599.723 73.481
600.012 73.498
600.300 73.500
600.588 73.474
600.876 73.496
601.164 73.523
601.452 73.509
601.740 73.473
602.029 73.452
602.317 73.444
602.605 73.434
602.893 73.409
603.181 73.399
603.469 73.405
603.757 73.387
604.046 73.368
604.334 73.386
604.622 73.380
604.910 73.364
605.198 73.373
605.486 73.372
605.774 73.384
606.063 73.392
606.351 73.407
606.639 73.424
606.927 73.431
607.215 73.425
607.503 73.448
607.791 73.492
608.080 73.527
608.368 73.539
608.656 73.530
608.944 73.504
609.232 73.465
609.520 73.410
609.808 73.381
610.097 73.375
610.385 73.353
610.673 73.369
610.961 73.376
611.249 73.349
611.537 73.311
611.825 73.278
612.114 73.263
612.402 73.237
612.690 73.206
612.978 73.195
613.266 73.186
613.554 73.187
613.843 73.187
614.131 73.182
614.419 73.228
614.707 73.314
614.995 73.352
615.283 73.386
615.571 73.413
615.860 73.469
616.148 73.522
616.436 73.596
616.724 73.621
617.012 73.649
617.300 73.715
617.588 73.750
617.877 73.754
618.165 73.771
618.453 73.804
618.741 73.821
619.029 73.804
619.317 73.819
619.605 73.812
619.894 73.764
620.182 73.719
620.470 73.663
620.758 73.622
621.046 73.621
621.334 73.645
621.622 73.685
621.911 73.686
622.199 73.705
622.487 73.691
622.775 73.703
623.063 73.712
623.351 73.682
623.639 73.688
623.928 73.701
624.216 73.701
624.504 73.678
624.792 73.680
625.080 73.686
625.368 73.684
625.656 73.680
625.945 73.716
626.233 73.727
626.521 73.725
626.809 73.676
627.097 73.658
627.385 73.639
627.673 73.639
627.962 73.660
628.250 73.640
628.538 73.592
628.826 73.567
629.114 73.519
629.402 73.529
629.690 73.565
629.979 73.601
630.267 73.594
630.555 73.609
630.843 73.642
631.131 73.627
631.419 73.612
631.707 73.621
631.996 73.620
632.284 73.649
632.572 73.676
632.860 73.713
633.148 73.724
633.436 73.705
633.724 73.678
634.013 73.645
634.301 73.630
634.589 73.672
634.877 73.712
635.165 73.738
635.453 73.728
635.741 73.746
636.030 73.776
636.318 73.812
636.606 73.831
636.894 73.842
637.182 73.885
637.470 73.913
637.759 73.914
638.047 73.884
638.335 73.870
638.623 73.855
638.911 73.835
639.199 73.818
639.487 73.841
639.776 73.847
640.064 73.873
640.352 73.916
640.640 73.913
640.928 73.896
641.216 73.902
641.504 73.906
641.793 73.861
642.081 73.832
642.369 73.815
642.657 73.792
642.945 73.770
643.233 73.767
643.521 73.760
643.810 73.768
644.098 73.790
644.386 73.828
644.674 73.857
644.962 73.856
645.250 73.867
645.538 73.825
645.827 73.826
646.115 73.790
646.403 73.764
646.691 73.759
646.979 73.744
647.267 73.745
647.555 73.745
647.844 73.756
648.132 73.744
648.420 73.708
648.708 73.680
648.996 73.676
649.284 73.665
649.572 73.676
649.861 73.675
650.149 73.658
650.437 73.624
650.725 73.586
651.013 73.554
651.301 73.489
651.589 73.418
651.878 73.334
652.166 73.276
652.454 73.186
652.742 73.096
653.030 73.006
653.318 72.908
653.606 72.835
653.895 72.748
654.183 72.665
654.471 72.612
654.759 72.563
655.047 72.526
655.335 72.510
655.623 72.451
655.912 72.424
656.200 72.437
656.488 72.416
656.776 72.375
657.064 72.397
657.352 72.429
657.640 72.525
657.929 72.617
658.217 72.730
658.505 72.845
658.793 72.905
659.081 72.960
659.369 73.051
659.657 73.122
659.946 73.198
660.234 73.269
660.522 73.321
660.810 73.369
661.098 73.416
661.386 73.453
661.675 73.497
661.963 73.487
662.251 73.457
662.539 73.493
662.827 73.547
663.115 73.576
663.403 73.597
663.692 73.634
663.980 73.652
664.268 73.609
664.556 73.592
664.844 73.604
665.132 73.600
665.420 73.581
665.709 73.562
665.997 73.551
666.285 73.580
666.573 73.618
666.861 73.664
667.149 73.644
667.437 73.629
667.726 73.618
668.014 73.629
668.302 73.671
668.590 73.675
668.878 73.695
669.166 73.680
669.454 73.672
669.743 73.637
670.031 73.639
670.319 73.637
670.607 73.625
670.895 73.629
671.183 73.635
671.471 73.650
671.760 73.692
672.048 73.710
672.336 73.676
672.624 73.613
672.912 73.592
673.200 73.604
673.488 73.627
673.777 73.669
674.065 73.674
674.353 73.660
674.641 73.631
674.929 73.593
675.217 73.588
675.505 73.589
675.794 73.605
676.082 73.576
676.370 73.606
676.658 73.654
676.946 73.680
677.234 73.702
677.522 73.681
677.811 73.653
678.099 73.646
678.387 73.681
678.675 73.747
678.963 73.781
679.251 73.799
679.539 73.792
679.828 73.767
680.116 73.759
680.404 73.768
680.692 73.784
680.980 73.810
681.268 73.831
681.556 73.851
681.845 73.824
682.133 73.799
682.421 73.821
682.709 73.819
682.997 73.856
683.285 73.883
683.573 73.895
683.862 73.895
684.150 73.894
684.438 73.893
684.726 73.870
685.014 73.829
685.302 73.797
685.591 73.825
685.879 73.846
686.167 73.873
686.455 73.878
686.743 73.868
687.031 73.857
687.319 73.839
687.608 73.792
687.896 73.745
688.184 73.766
688.472 73.701
688.760 73.616
689.048 73.547
689.336 73.525
689.625 73.512
689.913 73.505
690.201 73.493
690.489 73.461
690.777 73.488
691.065 73.515
691.353 73.572
691.642 73.514
691.930 73.442
692.218 73.397
692.506 73.402
692.794 73.408
693.082 73.404
693.370 73.426
693.659 73.517
693.947 73.597
694.235 73.609
694.523 73.648
694.811 73.696
695.099 73.656
695.387 73.635
695.676 73.652
695.964 73.682
696.252 73.708
696.540 73.706
696.836 73.668
697.133 73.660
697.429 73.603
697.725 73.573
698.021 73.587
698.318 73.617
698.614 73.600
698.910 73.596
699.207 73.604
699.503 73.594
699.799 73.554
700.095 73.546
700.392 73.550
700.688 73.558
700.984 73.574
701.281 73.650
701.577 73.692
701.873 73.689
702.169 73.678
702.466 73.701
702.762 73.762
703.058 73.797
703.355 73.834
703.651 73.882
703.947 73.912
704.243 73.945
704.540 73.959
704.836 74.002
705.132 74.029
705.428 73.997
705.725 73.980
706.021 73.997
706.317 74.013
706.614 74.030
706.910 74.034
707.206 73.992
707.502 73.961
707.799 73.952
708.095 73.969
708.391 74.047
708.688 74.055
708.984 73.999
709.280 73.976
709.576 73.931
709.873 73.893
710.169 73.898
710.465 73.887
710.762 73.853
711.058 73.819
711.354 73.797
711.650 73.793
711.947 73.826
712.243 73.812
712.539 73.738
712.836 73.696
713.132 73.668
713.428 73.721
713.724 73.736
714.021 73.773
714.317 73.804
714.613 73.753
714.910 73.699
715.206 73.690
715.502 73.674
715.798 73.651
716.095 73.658
716.391 73.684
716.687 73.674
716.984 73.702
717.280 73.702
717.576 73.726
717.872 73.817
718.169 73.797
718.465 73.821
718.761 73.912
719.058 73.913
719.354 73.904
719.650 73.913
719.946 73.885
720.243 73.814
720.539 73.730
720.835 73.685
721.131 73.687
721.428 73.687
721.724 73.661
722.020 73.649
722.317 73.637
722.613 73.629
722.909 73.616
723.205 73.605
723.502 73.588
723.798 73.557
724.094 73.501
724.391 73.523
724.687 73.500
724.983 73.434
725.279 73.454
725.576 73.496
725.872 73.449
726.168 73.452
726.465 73.496
726.761 73.535
727.057 73.496
727.353 73.493
727.650 73.522
727.946 73.569
728.242 73.632
728.539 73.617
728.835 73.572
729.131 73.584
729.427 73.617
729.724 73.687
730.020 73.762
730.316 73.843
730.613 73.899
730.909 73.961
731.205 73.977
731.501 73.948
731.798 73.925
732.094 73.900
732.390 73.849
732.687 73.785
732.983 73.793
733.279 73.889
733.575 73.968
733.872 73.949
734.168 73.917
734.464 73.883
734.761 73.901
735.057 73.923
735.353 73.945
735.649 73.904
735.946 73.848
736.242 73.786
736.538 73.689
736.835 73.643
737.131 73.592
737.427 73.600
737.723 73.658
738.020 73.701
738.316 73.681
738.612 73.703
738.909 73.755
739.205 73.755
739.501 73.688
739.797 73.602
740.094 73.628
740.390 73.656
740.686 73.641
740.982 73.638
741.279 73.688
741.575 73.717
741.871 73.740
742.168 73.771
742.464 73.757
742.760 73.787
743.056 73.760
743.353 73.803
743.649 73.853
743.945 73.867
744.242 73.829
744.538 73.900
744.834 73.969
745.130 74.019
745.427 74.038
745.723 74.116
746.019 74.129
746.316 74.093
746.612 74.129
746.908 74.180
747.204 74.222
747.501 74.205
747.797 74.149
748.093 74.116
748.390 74.091
748.686 74.143
748.982 74.183
749.278 74.201
749.575 74.165
749.871 74.109
750.167 74.054
750.464 74.032
750.760 74.021
751.056 74.007
751.352 73.961
751.649 73.916
751.945 73.809
752.241 73.757
752.538 73.780
752.834 73.742
753.130 73.681
753.426 73.618
753.723 73.599
754.019 73.622
754.315 73.638
754.611 73.647
754.908 73.633
755.204 73.600
755.500 73.558
755.797 73.497
756.093 73.485
756.389 73.436
756.685 73.390
756.982 73.374
757.278 73.382
757.574 73.345
757.871 73.355
758.167 73.428
758.463 73.486
758.759 73.484
759.056 73.467
759.352 73.499
759.648 73.551
759.945 73.530
760.241 73.452
760.537 73.429
760.833 73.373
761.130 73.303
761.426 73.315
761.722 73.358
762.019 73.419
762.315 73.445
762.611 73.443
762.907 73.489
763.204 73.497
763.500 73.493
763.804 73.527
764.108 73.522
764.412 73.513
764.716 73.480
765.020 73.416
765.324 73.419
765.628 73.402
765.932 73.363
766.236 73.352
766.540 73.468
766.844 73.544
767.148 73.582
767.452 73.623
767.756 73.609
768.060 73.584
768.364 73.533
768.668 73.483
768.972 73.469
769.276 73.439
769.580 73.457
769.884 73.471
770.188 73.509
770.492 73.561
770.796 73.617
771.100 73.691
771.404 73.767
771.708 73.828
772.012 73.855
772.316 73.849
772.620 73.859
772.924 73.799
773.228 73.739
773.532 73.760
773.836 73.753
774.140 73.709
774.444 73.668
774.748 73.710
775.052 73.742
775.356 73.815
775.659 73.815
775.963 73.779
776.267 73.792
776.571 73.753
776.875 73.703
777.179 73.572
777.483 73.469
777.787 73.459
778.091 73.468
778.395 73.491
778.699 73.471
779.003 73.449
779.307 73.400
779.611 73.341
779.915 73.364
780.219 73.433
780.523 73.434
780.827 73.511
781.131 73.547
781.435 73.579
781.739 73.530
782.043 73.570
782.347 73.555
782.651 73.504
782.955 73.550
783.259 73.601
783.563 73.657
783.867 73.670
784.171 73.637
784.475 73.601
784.779 73.611
785.083 73.636
785.387 73.643
785.691 73.694
785.995 73.773
786.299 73.795
786.603 73.771
786.907 73.822
787.211 73.806
787.515 73.751
787.819 73.768
788.123 73.933
788.427 73.993
788.731 73.987
789.035 74.005
789.339 73.983
789.643 73.883
789.947 73.823
790.251 73.815
790.555 73.791
790.859 73.752
791.163 73.735
791.467 73.776
791.771 73.814
792.075 73.880
792.379 73.906
792.683 73.884
792.987 73.875
793.291 73.888
793.595 73.896
793.899 73.899
794.203 73.853
794.507 73.675
794.811 73.563
795.115 73.619
795.419 73.620
795.723 73.557
796.027 73.580
796.331 73.655
796.635 73.728
796.939 73.770
797.243 73.843
797.547 73.840
797.851 73.780
798.155 73.772
798.459 73.733
798.763 73.676
799.067 73.645
799.371 73.610
799.674 73.570
799.978 73.625
800.282 73.679
800.586 73.699
800.890 73.781
801.194 73.876
801.498 73.878
801.802 73.799
802.106 73.772
802.410 73.829
802.714 73.857
803.018 73.833
803.322 73.862
803.626 73.821
803.930 73.854
804.234 73.958
804.538 73.943
804.842 73.889
805.146 73.904
805.450 73.900
805.754 73.961
806.058 74.047
806.362 74.083
806.666 74.061
806.970 74.024
807.274 74.005
807.578 73.981
807.882 74.021
808.186 74.204
808.490 74.355
808.794 74.392
809.098 74.395
809.402 74.407
809.706 74.351
810.010 74.372
810.314 74.327
810.618 74.273
810.922 74.303
811.226 74.331
811.530 74.361
811.834 74.377
812.137 74.307
812.441 74.232
812.744 74.172
813.048 74.199
813.351 74.235
813.655 74.256
813.958 74.229
814.262 74.150
814.565 74.061
814.869 74.025
815.172 74.059
815.476 74.081
815.779 74.070
816.083 74.091
816.386 74.077
816.690 74.066
816.993 74.046
817.297 74.028
817.600 74.084
817.904 74.088
818.208 74.093
818.511 74.163
818.815 74.210
819.118 74.216
819.422 74.214
819.725 74.182
820.029 74.157
820.332 74.266
820.636 74.264
820.939 74.245
821.243 74.253
821.546 74.193
821.850 74.116
822.153 74.124
822.457 74.106
822.760 74.049
823.064 74.027
823.367 74.007
823.671 74.003
823.974 73.996
824.278 74.001
824.582 73.942
824.885 73.789
825.189 73.666
825.492 73.630
825.796 73.613
826.099 73.640
826.403 73.692
826.706 73.684
827.010 73.764
827.313 73.787
827.617 73.770
827.920 73.783
828.224 73.877
828.527 73.904
828.831 73.904
829.134 73.987
829.438 74.113
829.741 74.149
830.045 74.174
830.348 74.208
830.652 74.125
830.956 74.098
831.259 74.210
831.563 74.300
831.866 74.328
832.170 74.354
832.473 74.411
832.777 74.421
833.080 74.357
833.384 74.312
833.687 74.232
833.991 74.168
834.294 74.084
834.598 73.914
834.901 73.832
835.205 73.836
835.508 73.802
835.812 73.801
836.115 73.877
836.419 73.814
836.722 73.750
837.026 73.872
837.330 73.951
837.633 73.960
837.937 73.963
838.240 73.909
838.544 73.828
838.847 73.784
839.151 73.663
839.454 73.617
839.758 73.592
840.061 73.638
840.365 73.686
840.668 73.797
840.972 73.965
841.275 74.017
841.579 73.999
841.882 74.000
842.186 73.926
842.489 73.860
842.793 73.878
843.097 73.880
843.400 73.781
843.704 73.786
844.007 73.762
844.311 73.798
844.614 73.920
844.918 74.013
845.221 74.071
845.525 74.236
845.828 74.291
846.132 74.390
846.435 74.494
846.739 74.493
847.042 74.437
847.346 74.362
847.649 74.392
847.953 74.497
848.256 74.495
848.560 74.518
848.863 74.568
849.167 74.689
849.471 74.930
849.774 75.093
850.078 75.154
850.381 75.251
850.685 75.251
850.988 75.162
851.292 75.080
851.595 74.999
851.899 74.887
852.202 74.826
852.506 74.747
852.809 74.615
853.113 74.571
853.416 74.603
853.720 74.670
854.023 74.704
854.327 74.758
854.630 74.866
854.934 74.865
855.237 74.809
855.541 74.744
855.845 74.599
856.148 74.533
856.452 74.410
856.755 74.373
857.059 74.371
857.362 74.368
857.666 74.431
857.969 74.522
858.273 74.541
858.576 74.560
858.880 74.576
859.183 74.593
859.487 74.700
859.790 74.710
860.094 74.624
860.397 74.504
860.701 74.385
861.004 74.291
861.308 74.187
861.611 74.113
861.915 74.118
862.219 74.028
862.522 73.911
862.826 73.835
863.129 73.713
863.433 73.631
863.736 73.617
864.040 73.503
864.343 73.407
864.647 73.435
864.950 73.369
865.254 73.240
865.557 73.242
865.861 73.116
866.164 73.044
866.468 73.048
866.771 73.135
867.075 73.049
867.378 72.859
867.682 72.809
867.985 72.829
868.289 72.803
868.593 72.790
868.896 72.795
869.200 72.917
869.503 73.008
869.807 73.018
870.110 72.989
870.414 73.026
870.717 73.000
871.021 72.946
871.324 73.024
871.628 73.161
871.931 73.204
872.235 73.307
872.538 73.302
872.842 73.252
873.145 73.176
873.449 73.174
873.752 73.320
874.056 73.475
874.359 73.539
874.663 73.460
874.967 73.412
875.270 73.463
875.574 73.503
875.877 73.561
876.181 73.644
876.484 73.703
876.788 73.764
877.091 73.859
877.395 73.938
877.698 73.970
878.002 73.917
878.305 73.879
878.609 73.717
878.912 73.639
879.216 73.608
879.519 73.646
879.823 73.795
880.126 73.872
880.430 73.815
880.733 73.891
881.037 74.022
881.341 74.079
881.644 74.126
881.948 74.056
882.251 73.921
882.555 73.827
882.858 73.750
883.162 73.687
883.465 73.573
883.769 73.398
884.072 73.292
884.376 73.282
884.679 73.245
884.983 73.262
885.286 73.361
885.590 73.461
885.893 73.393
886.197 73.309
886.500 73.254
886.804 73.262
887.107 73.185
887.411 73.079
887.715 73.015
888.018 72.949
888.322 73.001
888.625 72.988
888.929 72.971
889.232 73.074
889.536 73.148
889.839 73.215
890.143 73.391
890.446 73.515
890.750 73.571
891.053 73.549
891.357 73.609
891.660 73.619
891.964 73.617
892.267 73.728
892.571 73.839
892.874 73.916
893.178 73.943
893.482 73.951
893.785 74.092
894.089 74.176
894.392 74.233
894.696 74.321
894.999 74.320
895.303 74.293
895.606 74.231
895.910 74.097
896.213 74.004
896.517 73.926
896.820 73.870
897.124 73.876
897.427 73.914
897.731 73.872
898.034 73.866
898.338 73.900
898.641 73.862
898.945 73.798
899.248 73.809
899.552 73.789
899.856 73.725
900.159 73.620
900.463 73.668
900.766 73.649
901.070 73.479
901.373 73.520
901.677 73.603
901.980 73.574
902.284 73.722
902.587 73.794
902.891 73.766
903.194 73.694
903.498 73.667
903.801 73.696
904.105 73.806
904.408 73.839
904.712 73.812
905.015 73.881
905.319 73.911
905.622 73.881
905.926 73.865
906.230 73.805
906.533 73.799
906.837 73.677
907.140 73.620
907.444 73.774
907.747 73.888
908.051 73.845
908.354 73.934
908.658 73.903
908.961 73.963
909.265 73.920
909.568 73.865
909.872 73.976
910.175 74.105
910.479 74.110
910.782 74.081
911.086 74.068
911.389 73.972
911.693 73.837
911.996 73.721
912.300 73.722
912.613 73.726
912.926 73.685
913.238 73.776
913.551 73.830
913.864 73.832
914.176 73.795
914.489 73.825
914.802 73.777
915.115 73.725
915.427 73.701
915.740 73.914
916.053 74.132
916.366 74.044
916.678 73.868
916.991 73.744
917.304 73.759
917.617 73.928
917.929 73.942
918.242 73.909
918.555 73.966
918.868 74.035
919.180 74.106
919.493 74.146
919.806 74.076
920.119 74.006
920.431 73.917
920.744 73.884
921.057 73.982
921.370 74.115
921.682 74.138
921.995 74.146
922.308 73.958
922.621 73.714
922.933 73.604
923.246 73.601
923.559 73.672
923.872 73.642
924.184 73.594
924.497 73.709
924.810 73.890
925.123 73.966
925.435 73.977
925.748 74.027
926.061 73.973
926.374 73.863
926.686 73.692
926.999 73.521
927.312 73.447
927.625 73.364
927.937 73.284
928.250 73.277
928.563 73.325
928.876 73.463
929.188 73.714
929.501 73.804
929.814 73.840
930.127 73.850
930.439 73.848
930.752 73.709
931.065 73.638
931.378 73.672
931.690 73.719
932.003 73.619
932.316 73.583
932.629 73.684
932.941 73.903
933.254 74.179
933.567 74.400
933.880 74.610
934.192 74.704
934.505 74.740
934.818 74.740
935.131 74.679
935.443 74.689
935.756 74.680
936.069 74.785
936.382 74.845
936.694 74.976
937.007 75.261
937.320 75.373
937.633 75.369
937.945 75.275
938.258 75.242
938.571 75.405
938.884 75.261
939.196 75.056
939.509 74.976
939.822 74.914
940.135 74.865
940.447 74.905
940.760 74.822
941.073 74.870
941.386 75.092
941.698 75.201
942.011 75.101
942.324 75.080
942.637 75.128
942.949 75.228
943.262 75.224
943.575 75.109
943.888 74.994
944.200 75.101
944.513 75.041
944.826 74.761
945.139 74.728
945.451 75.036
945.764 75.369
946.077 75.490
946.390 75.556
946.702 75.577
947.015 75.394
947.328 75.288
947.641 75.048
947.953 74.712
948.266 74.574
948.579 74.527
948.892 74.456
949.204 74.455
949.517 74.484
949.830 74.327
950.143 74.161
950.455 74.188
950.768 74.027
951.081 74.102
951.394 74.308
951.706 74.263
952.019 74.239
952.332 74.119
952.645 74.213
952.957 74.383
953.270 74.406
953.583 74.422
953.896 74.489
954.208 74.586
954.521 74.662
954.834 74.797
955.147 75.041
955.459 75.106
955.772 75.064
956.085 75.040
956.398 75.257
956.710 75.423
957.023 75.491
957.336 75.608
957.649 75.728
957.961 75.862
958.274 75.938
958.587 76.010
958.900 76.094
959.212 75.957
959.525 76.073
959.838 76.151
960.151 76.113
960.463 76.189
960.776 76.401
961.089 76.556
961.402 76.512
961.714 76.440
962.027 76.452
962.340 76.349
962.653 76.127
962.965 75.847
963.278 75.714
963.591 75.688
963.904 75.554
964.216 75.517
964.529 75.620
964.842 75.637
965.154 75.678
965.467 75.645
965.780 75.330
966.094 74.845
966.409 74.645
966.723 74.538
967.037 74.403
967.352 74.260
967.666 74.286
967.980 74.349
968.295 74.319
968.609 74.402
968.923 74.429
969.238 74.590
969.552 74.676
969.866 74.511
970.181 74.505
970.495 74.779
970.809 74.866
971.124 74.745
971.438 74.702
971.752 74.531
972.067 74.306
972.381 74.408
972.695 74.453
973.010 74.401
973.324 74.576
973.638 74.749
973.953 74.817
974.267 74.718
974.581 74.564
974.896 74.411
975.210 74.312
975.524 74.552
975.839 74.640
976.153 74.763
976.467 75.010
976.781 75.139
977.096 74.959
977.410 74.840
977.724 74.825
978.039 74.860
978.353 74.896
978.667 75.073
978.982 75.289
979.296 75.474
979.610 75.663
979.925 75.567
980.239 75.443
980.553 75.438
980.868 75.498
981.182 75.593
981.496 75.797
981.811 75.645
982.125 75.410
982.439 75.513
982.754 75.585
983.068 75.710
983.382 75.676
983.697 75.773
984.011 75.950
984.325 76.061
984.640 76.133
984.954 76.204
985.268 76.226
985.583 76.287
985.897 76.476
986.211 76.505
986.526 76.659
986.840 76.840
987.154 76.795
987.469 76.686
987.783 76.800
988.097 76.892
988.412 77.014
988.726 77.074
989.040 76.878
989.355 76.856
989.669 76.941
989.983 76.816
990.298 76.618
990.612 76.509
990.926 76.211
991.241 76.004
991.555 75.897
991.869 76.013
992.184 76.077
992.498 76.214
992.812 76.292
993.127 76.281
993.441 76.334
993.755 76.231
994.070 76.217
994.384 76.003
994.698 75.841
995.013 75.748
995.327 75.742
995.641 75.837
995.956 75.904
996.270 75.755
996.584 76.001
996.899 76.356
997.213 76.544
997.527 77.036
997.841 77.353
998.156 77.301
998.470 77.208
998.784 77.348
999.099 77.206
999.413 77.090
999.727 76.929

