s07_ASD Record=6903: Magnetite HS195.3B            BECKb AREF
 6.0550503e-002
 6.0721815e-002
 6.0925186e-002
 6.1133694e-002
 6.1320350e-002
 6.1467893e-002
 6.1572190e-002
 6.1638605e-002
 6.1675783e-002
 6.1690550e-002
 6.1685748e-002
 6.1661139e-002
 6.1615497e-002
 6.1549153e-002
 6.1466943e-002
 6.1379194e-002
 6.1298784e-002
 6.1235886e-002
 6.1194070e-002
 6.1169337e-002
 6.1152592e-002
 6.1134670e-002
 6.1111290e-002
 6.1085101e-002
 6.1064649e-002
 6.1061796e-002
 6.1087463e-002
 6.1146215e-002
 6.1233208e-002
 6.1335988e-002
 6.1438505e-002
 6.1525747e-002
 6.1586063e-002
 6.1610758e-002
 6.1596092e-002
 6.1546452e-002
 6.1472896e-002
 6.1390158e-002
 6.1313413e-002
 6.1254464e-002
 6.1218940e-002
 6.1205961e-002
 6.1209679e-002
 6.1221577e-002
 6.1232544e-002
 6.1234452e-002
 6.1221376e-002
 6.1190095e-002
 6.1139643e-002
 6.1070424e-002
 6.0984075e-002
 6.0884722e-002
 6.0780320e-002
 6.0681850e-002
 6.0599498e-002
 6.0538236e-002
 6.0495179e-002
 6.0462266e-002
 6.0433175e-002
 6.0407896e-002
 6.0395911e-002
 6.0400844e-002
 6.0420390e-002
 6.0450997e-002
 6.0479250e-002
 6.0484536e-002
 6.0456742e-002
 6.0398381e-002
 6.0319234e-002
 6.0231686e-002
 6.0142878e-002
 6.0050428e-002
 5.9946898e-002
 5.9828799e-002
 5.9702471e-002
 5.9582472e-002
 5.9483659e-002
 5.9413042e-002
 5.9367415e-002
 5.9337776e-002
 5.9316326e-002
 5.9300933e-002
 5.9294358e-002
 5.9299514e-002
 5.9314482e-002
 5.9330747e-002
 5.9336022e-002
 5.9319958e-002
 5.9278969e-002
 5.9216946e-002
 5.9141386e-002
 5.9057947e-002
 5.8967847e-002
 5.8870189e-002
 5.8767188e-002
 5.8668178e-002
 5.8589149e-002
 5.8547180e-002
 5.8552135e-002
 5.8600102e-002
 5.8670819e-002
 5.8731001e-002
 5.8743935e-002
 5.8682170e-002
 5.8540616e-002
 5.8343746e-002
 5.8137603e-002
 5.7971537e-002
 5.7879902e-002
 5.7869695e-002
 5.7918247e-002
 5.7982780e-002
 5.8019329e-002
 5.8002286e-002
 5.7933800e-002
 5.7839315e-002
 5.7754535e-002
 5.7710588e-002
 5.7721525e-002
 5.7777874e-002
 5.7850771e-002
 5.7906676e-002
 5.7925031e-002
 5.7908423e-002
 5.7878900e-002
 5.7862114e-002
 5.7869658e-002
 5.7893280e-002
 5.7915438e-002
 5.7924900e-002
 5.7921920e-002
 5.7911981e-002
 5.7900347e-002
 5.7894025e-002
 5.7903986e-002
 5.7939608e-002
 5.7998970e-002
 5.8065284e-002
 5.8113489e-002
 5.8122005e-002
 5.8081929e-002
 5.7999801e-002
 5.7894442e-002
 5.7790503e-002
 5.7710838e-002
 5.7669643e-002
 5.7668716e-002
 5.7698585e-002
 5.7743177e-002
 5.7784099e-002
 5.7804249e-002
 5.7793908e-002
 5.7756431e-002
 5.7703450e-002
 5.7641592e-002
 5.7571620e-002
 5.7507388e-002
 5.7484336e-002
 5.7531741e-002
 5.7638776e-002
 5.7762332e-002
 5.7865266e-002
 5.7932988e-002
 5.7960287e-002
 5.7945587e-002
 5.7898957e-002
 5.7835463e-002
 5.7758220e-002
 5.7665516e-002
 5.7575304e-002
 5.7523504e-002
 5.7533193e-002
 5.7596292e-002
 5.7681683e-002
 5.7746455e-002
 5.7747804e-002
 5.7669837e-002
 5.7542428e-002
 5.7415921e-002
 5.7317156e-002
 5.7245992e-002
 5.7207871e-002
 5.7223216e-002
 5.7300664e-002
 5.7419877e-002
 5.7543490e-002
 5.7631474e-002
 5.7647280e-002
 5.7572566e-002
 5.7425737e-002
 5.7259284e-002
 5.7138968e-002
 5.7125777e-002
 5.7252578e-002
 5.7486057e-002
 5.7719830e-002
 5.7843264e-002
 5.7828993e-002
 5.7737943e-002
 5.7644334e-002
 5.7578720e-002
 5.7536103e-002
 5.7503745e-002
 5.7467043e-002
 5.7410304e-002
 5.7338379e-002
 5.7298452e-002
 5.7352833e-002
 5.7504546e-002
 5.7663884e-002
 5.7726044e-002
 5.7686117e-002
 5.7651158e-002
 5.7732884e-002
 5.7942852e-002
 5.8188908e-002
 5.8354758e-002
 5.8378689e-002
 5.8272801e-002
 5.8093101e-002
 5.7904150e-002
 5.7756234e-002
 5.7670303e-002
 5.7641156e-002
 5.7665173e-002
 5.7754997e-002
 5.7907987e-002
 5.8075868e-002
 5.8199167e-002
 5.8264952e-002
 5.8299791e-002
 5.8319271e-002
 5.8321383e-002
 5.8314700e-002
 5.8311041e-002
 5.8307052e-002
 5.8318093e-002
 5.8400773e-002
 5.8575340e-002
 5.8755033e-002
 5.8836192e-002
 5.8831263e-002
 5.8818359e-002
 5.8791846e-002
 5.8679592e-002
 5.8500178e-002
 5.8392376e-002
 5.8460429e-002
 5.8643930e-002
 5.8783118e-002
 5.8808759e-002
 5.8793344e-002
 5.8800131e-002
 5.8784146e-002
 5.8687355e-002
 5.8532547e-002
 5.8359917e-002
 5.8171205e-002
 5.7973359e-002
 5.7806481e-002
 5.7720579e-002
 5.7751980e-002
 5.7892542e-002
 5.8061741e-002
 5.8161937e-002
 5.8190044e-002
 5.8222957e-002
 5.8272149e-002
 5.8260165e-002
 5.8159132e-002
 5.8042806e-002
 5.7987984e-002
 5.8004953e-002
 5.8066837e-002
 5.8137424e-002
 5.8166269e-002
 5.8127016e-002
 5.8065984e-002
 5.8054045e-002
 5.8097031e-002
 5.8141176e-002
 5.8148243e-002
 5.8126483e-002
 5.8084678e-002
 5.8013149e-002
 5.7932254e-002
 5.7895634e-002
 5.7921957e-002
 5.7982799e-002
 5.8073770e-002
 5.8214605e-002
 5.8352217e-002
 5.8360927e-002
 5.8193758e-002
 5.7964195e-002
 5.7828981e-002
 5.7822082e-002
 5.7831511e-002
 5.7751965e-002
 5.7651632e-002
 5.7715636e-002
 5.7998989e-002
 5.8333002e-002
 5.8514830e-002
 5.8499407e-002
 5.8380391e-002
 5.8261331e-002
 5.8180641e-002
 5.8133129e-002
 5.8127459e-002
 5.8187932e-002
 5.8301516e-002
 5.8412910e-002
 5.8484085e-002
 5.8504786e-002
 5.8437951e-002
 5.8241170e-002
 5.7966780e-002
 5.7773065e-002
 5.7790723e-002
 5.7982843e-002
 5.8192357e-002
 5.8290973e-002
 5.8242779e-002
 5.8080930e-002
 5.7876442e-002
 5.7710767e-002
 5.7641272e-002
 5.7676785e-002
 5.7784513e-002
 5.7917286e-002
 5.8035225e-002
 5.8114357e-002
 5.8150422e-002
 5.8158707e-002
 5.8160849e-002
 5.8160286e-002
 5.8129098e-002
 5.8030397e-002
 5.7868794e-002
 5.7719402e-002
 5.7685986e-002
 5.7804599e-002
 5.7984039e-002
 5.8065649e-002
 5.7973810e-002
 5.7810090e-002
 5.7762440e-002
 5.7892151e-002
 5.8019865e-002
 5.7882454e-002
 5.7473764e-002
 5.7195961e-002
 5.7417523e-002
 5.7801649e-002
 5.7865150e-002
 5.7649441e-002
 5.7476979e-002
 5.7458617e-002
 5.7457250e-002
 5.7344910e-002
 5.7162534e-002
 5.7074841e-002
 5.7154886e-002
 5.7270397e-002
 5.7266857e-002
 5.7166144e-002
 5.7097510e-002
 5.7124730e-002
 5.7193633e-002
 5.7203162e-002
 5.7124197e-002
 5.7036601e-002
 5.7012811e-002
 5.7014115e-002
 5.6954660e-002
 5.6825254e-002
 5.6724645e-002
 5.6761149e-002
 5.6883469e-002
 5.6881938e-002
 5.6679081e-002
 5.6481071e-002
 5.6465887e-002
 5.6512989e-002
 5.6436073e-002
 5.6278925e-002
 5.6202408e-002
 5.6239985e-002
 5.6289766e-002
 5.6264851e-002
 5.6203932e-002
 5.6227189e-002
 5.6349888e-002
 5.6409664e-002
 5.6275629e-002
 5.6036972e-002
 5.5845316e-002
 5.5767573e-002
 5.5760350e-002
 5.5773176e-002
 5.5832703e-002
 5.5925895e-002
 5.5951610e-002
 5.5826943e-002
 5.5579461e-002
 5.5331159e-002
 5.5203363e-002
 5.5213206e-002
 5.5270001e-002
 5.5273201e-002
 5.5195216e-002
 5.5082083e-002
 5.4993395e-002
 5.4956395e-002
 5.4963764e-002
 5.4999713e-002
 5.5058032e-002
 5.5141315e-002
 5.5240564e-002
 5.5306762e-002
 5.5255558e-002
 5.5034231e-002
 5.4715633e-002
 5.4474123e-002
 5.4448746e-002
 5.4643132e-002
 5.4908399e-002
 5.5014390e-002
 5.4873537e-002
 5.4558966e-002
 5.4263659e-002
 5.4133650e-002
 5.4164968e-002
 5.4293431e-002
 5.4454707e-002
 5.4589674e-002
 5.4673854e-002
 5.4696668e-002
 5.4647595e-002
 5.4521341e-002
 5.4346994e-002
 5.4167550e-002
 5.4026034e-002
 5.3957421e-002
 5.3943001e-002
 5.3942349e-002
 5.3914960e-002
 5.3828515e-002
 5.3704891e-002
 5.3572271e-002
 5.3518906e-002
 5.3565733e-002
 5.3706564e-002
 5.3887043e-002
 5.4050822e-002
 5.4141447e-002
 5.4104842e-002
 5.3938761e-002
 5.3692501e-002
 5.3417474e-002
 5.3165212e-002
 5.2985553e-002
 5.2892927e-002
 5.2866716e-002
 5.2884839e-002
 5.2925203e-002
 5.2966021e-002
 5.2992001e-002
 5.2994218e-002
 5.2964043e-002
 5.2892830e-002
 5.2771930e-002
 5.2598245e-002
 5.2390352e-002
 5.2171964e-002
 5.1966894e-002
 5.1798873e-002
 5.1691707e-002
 5.1661216e-002
 5.1692843e-002
 5.1764682e-002
 5.1854815e-002
 5.1941358e-002
 5.2002389e-002
 5.2016020e-002
 5.1967040e-002
 5.1865745e-002
 5.1728494e-002
 5.1571686e-002
 5.1411659e-002
 5.1264822e-002
 5.1147513e-002
 5.1076133e-002
 5.1062863e-002
 5.1104195e-002
 5.1192902e-002
 5.1321741e-002
 5.1483512e-002
 5.1670957e-002
 5.1876865e-002
 5.2094035e-002
 5.2314494e-002
 5.2527763e-002
 5.2722633e-002
 5.2888025e-002
 5.3012740e-002
 5.3085674e-002
 5.3095665e-002
 5.3031571e-002
 5.2886806e-002
 5.2671488e-002
 5.2399691e-002
 5.2085392e-002
 5.1742572e-002
 5.1385324e-002
 5.1027577e-002
 5.0683424e-002
 5.0366808e-002
 5.0091818e-002
 4.9872395e-002
 4.9722604e-002
 4.9651824e-002
 4.9652707e-002
 4.9714118e-002
 4.9824879e-002
 4.9973883e-002
 5.0149955e-002
 5.0341953e-002
 5.0538771e-002
 5.0729204e-002
 5.0902158e-002
 5.1046446e-002
 5.1150952e-002
 5.1207829e-002
 5.1221073e-002
 5.1197287e-002
 5.1143110e-002
 5.1065154e-002
 5.0970037e-002
 5.0864395e-002
 5.0754823e-002
 5.0647974e-002
 5.0550450e-002
 5.0468862e-002
 5.0407186e-002
 5.0359983e-002
 5.0319795e-002
 5.0279129e-002
 5.0230514e-002
 5.0166477e-002
 5.0079536e-002
 4.9962215e-002
 4.9807046e-002
 4.9606532e-002
 4.9357384e-002
 4.9070675e-002
 4.8760567e-002
 4.8441332e-002
 4.8127092e-002
 4.7832131e-002
 4.7570582e-002
 4.7356706e-002
 4.7204662e-002
 4.7128681e-002
 4.7137205e-002
 4.7219083e-002
 4.7358960e-002
 4.7541458e-002
 4.7751259e-002
 4.7972962e-002
 4.8191234e-002
 4.8390750e-002
 4.8556101e-002
 4.8671979e-002
 4.8727758e-002
 4.8728935e-002
 4.8684381e-002
 4.8602939e-002
 4.8493497e-002
 4.8364889e-002
 4.8226018e-002
 4.8085712e-002
 4.7952861e-002
 4.7833830e-002
 4.7726672e-002
 4.7627762e-002
 4.7533426e-002
 4.7440022e-002
 4.7343887e-002
 4.7241379e-002
 4.7128830e-002
 4.7004856e-002
 4.6875428e-002
 4.6748113e-002
 4.6630405e-002
 4.6529856e-002
 4.6453979e-002
 4.6410307e-002
 4.6406366e-002
 4.6444491e-002
 4.6510063e-002
 4.6585049e-002
 4.6651378e-002
 4.6691012e-002
 4.6685904e-002
 4.6617977e-002
 4.6469212e-002
 4.6233825e-002
 4.5945775e-002
 4.5646872e-002
 4.5405801e-002
 4.5232266e-002
 4.5177545e-002
 4.5265839e-002
 4.5490980e-002
 4.5819469e-002
 4.6199173e-002
 4.6569079e-002
 4.6867050e-002
 4.7040701e-002
 4.7064573e-002
 4.6950955e-002
 4.6739265e-002
 4.6479534e-002
 4.6221331e-002
 4.6004750e-002
 4.5851432e-002
 4.5761898e-002
 4.5720879e-002
 4.5705654e-002
 4.5692861e-002
 4.5664102e-002
 4.5610674e-002
 4.5535211e-002
 4.5449160e-002
 4.5368090e-002
 4.5307055e-002
 4.5275997e-002
 4.5275941e-002
 4.5297809e-002
 4.5324665e-002
 4.5336157e-002
 4.5313947e-002
 4.5247629e-002
 4.5139667e-002
 4.5006819e-002
 4.4877157e-002
 4.4783812e-002
 4.4757105e-002
 4.4816200e-002
 4.5223746e-002
 4.5303375e-002
 4.5385551e-002
 4.5458585e-002
 4.5510493e-002
 4.5530558e-002
 4.5510795e-002
 4.5446876e-002
 4.5339026e-002
 4.5192219e-002
 4.5015842e-002
 4.4822570e-002
 4.4626608e-002
 4.4441640e-002
 4.4278700e-002
 4.4144783e-002
 4.4042468e-002
 4.3970138e-002
 4.3923188e-002
 4.3895617e-002
 4.3881826e-002
 4.3878045e-002
 4.3883074e-002
 4.3898329e-002
 4.3927349e-002
 4.3974802e-002
 4.4044971e-002
 4.4140056e-002
 4.4258572e-002
 4.4394482e-002
 4.4537824e-002
 4.4676300e-002
 4.4797592e-002
 4.4891417e-002
 4.4951070e-002
 4.4974104e-002
 4.4961993e-002
 4.4919044e-002
 4.4850856e-002
 4.4762857e-002
 4.4659268e-002
 4.4542931e-002
 4.4415724e-002
 4.4279460e-002
 4.4137008e-002
 4.3992948e-002
 4.3853823e-002
 4.3727603e-002
 4.3622490e-002
 4.3545455e-002
 4.3500613e-002
 4.3488093e-002
 4.3503541e-002
 4.3538652e-002
 4.3582585e-002
 4.3624151e-002
 4.3654222e-002
 4.3667838e-002
 4.3665480e-002
 4.3653011e-002
 4.3640368e-002
 4.3639094e-002
 4.3659441e-002
 4.3707669e-002
 4.3784250e-002
 4.3883469e-002
 4.3994520e-002
 4.4103652e-002
 4.4197105e-002
 4.4263784e-002
 4.4297375e-002
 4.4297319e-002
 4.4268548e-002
 4.4220235e-002
 4.4163872e-002
 4.4111136e-002
 4.4071965e-002
 4.4053197e-002
 4.4057891e-002
 4.4085395e-002
 4.4131957e-002
 4.4191778e-002
 4.4258136e-002
 4.4324484e-002
 4.4385176e-002
 4.4435903e-002
 4.4473771e-002
 4.4497073e-002
 4.4504974e-002
 4.4497252e-002
 4.4474136e-002
 4.4436362e-002
 4.4385359e-002
 4.4323508e-002
 4.4254296e-002
 4.4182345e-002
 4.4113100e-002
 4.4052351e-002
 4.4005491e-002
 4.3976691e-002
 4.3968242e-002
 4.3980066e-002
 4.4009682e-002
 4.4052597e-002
 4.4103172e-002
 4.4155747e-002
 4.4205889e-002
 4.4251405e-002
 4.4292897e-002
 4.4333693e-002
 4.4379078e-002
 4.4435021e-002
 4.4506595e-002
 4.4596553e-002
 4.4704363e-002
 4.4825856e-002
 4.4953700e-002
 4.5078594e-002
 4.5190670e-002
 4.5281224e-002
 4.5344003e-002
 4.5376144e-002
 4.5378502e-002
 4.5355320e-002
 4.5313489e-002
 4.5261461e-002
 4.5208000e-002
 4.5160994e-002
 4.5126520e-002
 4.5108113e-002
 4.5106534e-002
 4.5119848e-002
 4.5143936e-002
 4.5173291e-002
 4.5202047e-002
 4.5224991e-002
 4.5238502e-002
 4.5241158e-002
 4.5233916e-002
 4.5219824e-002
 4.5203272e-002
 4.5189034e-002
 4.5181174e-002
 4.5182209e-002
 4.5192633e-002
 4.5210939e-002
 4.5234106e-002
 4.5258403e-002
 4.5280240e-002
 4.5296937e-002
 4.5307130e-002
 4.5310840e-002
 4.5309227e-002
 4.5304187e-002
 4.5297947e-002
 4.5292813e-002
 4.5291089e-002
 4.5295194e-002
 4.5307774e-002
 4.5331784e-002
 4.5370318e-002
 4.5426194e-002
 4.5501377e-002
 4.5596220e-002
 4.5708857e-002
 4.5834903e-002
 4.5967437e-002
 4.6097655e-002
 4.6215992e-002
 4.6313465e-002
 4.6383344e-002
 4.6422426e-002
 4.6431936e-002
 4.6417579e-002
 4.6388723e-002
 4.6356801e-002
 4.6333235e-002
 4.6327274e-002
 4.6344314e-002
 4.6385020e-002
 4.6445560e-002
 4.6518739e-002
 4.6595868e-002
 4.6668828e-002
 4.6731740e-002
 4.6782069e-002
 4.6820726e-002
 4.6851460e-002
 4.6879642e-002
 4.6910860e-002
 4.6949696e-002
 4.6998907e-002
 4.7059070e-002
 4.7128793e-002
 4.7205139e-002
 4.7284275e-002
 4.7362126e-002
 4.7434799e-002
 4.7498997e-002
 4.7552127e-002
 4.7592375e-002
 4.7618691e-002
 4.7630664e-002
 4.7628466e-002
 4.7612712e-002
 4.7584381e-002
 4.7544755e-002
 4.7495458e-002
 4.7438480e-002
 4.7376387e-002
 4.7312435e-002
 4.7250636e-002
 4.7195710e-002
 4.7152732e-002
 4.7126561e-002
 4.7121104e-002
 4.7138523e-002
 4.7178641e-002
 4.7238689e-002
 4.7313649e-002
 4.7397003e-002
 4.7481954e-002
 4.7562659e-002
 4.7635339e-002
 4.7698852e-002
 4.7754604e-002
 4.7805909e-002
 4.7856856e-002
 4.7911104e-002
 4.7970928e-002
 4.8036601e-002
 4.8106480e-002
 4.8177436e-002
 4.8245654e-002
 4.8307493e-002
 4.8360065e-002
 4.8401609e-002
 4.8431460e-002
 4.8449818e-002
 4.8457369e-002
 4.8454951e-002
 4.8443332e-002
 4.8423152e-002
 4.8394982e-002
 4.8359454e-002
 4.8317462e-002
 4.8270311e-002
 4.8219886e-002
 4.8168838e-002
 4.8120711e-002
 4.8080094e-002
 4.8052542e-002
 4.8044264e-002
 4.8061520e-002
 4.8109591e-002
 4.8191573e-002
 4.8307117e-002
 4.8451569e-002
 4.8615590e-002
 4.8785832e-002
 4.8946310e-002
 4.9080621e-002
 4.9174566e-002
 4.9218409e-002
 4.9208742e-002
 4.9149197e-002
 4.9050093e-002
 4.8926953e-002
 4.8798393e-002
 4.8683569e-002
 4.8599686e-002
 4.8560150e-002
 4.8573203e-002
 4.8641466e-002
 4.8762146e-002
 4.8927933e-002
 4.9128111e-002
 4.9350135e-002
 4.9580876e-002
 4.9807966e-002
 5.0020855e-002
 5.0211266e-002
 5.0373726e-002
 5.0505344e-002
 5.0605644e-002
 5.0676119e-002
 5.0719626e-002
 5.0739922e-002
 5.0741192e-002
 5.0727770e-002
 5.0703928e-002
 5.0673801e-002
 5.0641347e-002
 5.0610255e-002
 5.0583813e-002
 5.0564691e-002
 5.0554704e-002
 5.0554600e-002
 5.0563987e-002
 5.0581463e-002
 5.0604921e-002
 5.0632030e-002
 5.0660770e-002
 5.0689895e-002
 5.0719168e-002
 5.0749388e-002
 5.0782092e-002
 5.0819125e-002
 5.0862141e-002
 5.0912123e-002
 5.0969183e-002
 5.1032517e-002
 5.1100593e-002
 5.1171560e-002
 5.1243592e-002
 5.1315263e-002
 5.1385812e-002
 5.1455155e-002
 5.1523887e-002
 5.1593047e-002
 5.1663894e-002
 5.1737692e-002
 5.1815405e-002
 5.1897600e-002
 5.1984228e-002
 5.2074589e-002
 5.2167386e-002
 5.2260712e-002
 5.2352306e-002
 5.2439708e-002
 5.2520618e-002
 5.2593220e-002
 5.2656442e-002
 5.2710235e-002
 5.2755617e-002
 5.2794617e-002
 5.2830055e-002
 5.2865062e-002
 5.2902609e-002
 5.2944940e-002
 5.2993078e-002
 5.3046521e-002
 5.3103138e-002
 5.3159397e-002
 5.3210869e-002
 5.3252894e-002
 5.3281456e-002
 5.3293873e-002
 5.3289395e-002
 5.3269446e-002
 5.3237531e-002
 5.3198826e-002
 5.3159602e-002
 5.3126574e-002
 5.3106297e-002
 5.3104736e-002
 5.3126886e-002
 5.3176478e-002
 5.3255584e-002
 5.3364243e-002
 5.3499859e-002
 5.3656928e-002
 5.3826865e-002
 5.3998496e-002
 5.4159258e-002
 5.4296739e-002
 5.4400809e-002
 5.4465536e-002
 5.4490488e-002
 5.4481160e-002
 5.4448221e-002
 5.4405712e-002
 5.4368559e-002
 5.4350041e-002
 5.4359574e-002
 5.4401491e-002
 5.4474808e-002
 5.4574072e-002
 5.4690801e-002
 5.4815333e-002
 5.4938391e-002
 5.5052251e-002
 5.5151381e-002
 5.5232298e-002
 5.5293251e-002
 5.5333503e-002
 5.5352800e-002
 5.5350997e-002
 5.5328000e-002
 5.5284068e-002
 5.5220235e-002
 5.5138957e-002
 5.5044461e-002
 5.4942995e-002
 5.4842576e-002
 5.4752298e-002
 5.4681405e-002
 5.4637972e-002
 5.4627776e-002
 5.4653253e-002
 5.4713029e-002
 5.4801937e-002
 5.4911781e-002
 5.5032525e-002
 5.5153944e-002
 5.5267382e-002
 5.5367138e-002
 5.5451494e-002
 5.5522796e-002
 5.5586822e-002
 5.5651356e-002
 5.5724278e-002
 5.5811722e-002
 5.5916529e-002
 5.6037612e-002
 5.6170229e-002
 5.6307077e-002
 5.6440059e-002
 5.6562178e-002
 5.6668945e-002
 5.6759331e-002
 5.6835618e-002
 5.6902636e-002
 5.6966446e-002
 5.7032790e-002
 5.7105862e-002
 5.7187475e-002
 5.7276871e-002
 5.7371125e-002
 5.7465859e-002
 5.7556313e-002
 5.7638150e-002
 5.7708133e-002
 5.7764407e-002
 5.7806250e-002
 5.7833672e-002
 5.7846718e-002
 5.7844948e-002
 5.7827134e-002
 5.7791371e-002
 5.7735614e-002
 5.7658475e-002
 5.7560168e-002
 5.7443138e-002
 5.7312418e-002
 5.7175323e-002
 5.7040568e-002
 5.6917202e-002
 5.6813184e-002
 5.6734368e-002
 5.6683782e-002
 5.6661475e-002
 5.6664977e-002
 5.6690130e-002
 5.6732137e-002
 5.6786601e-002
 5.6850374e-002
 5.6921989e-002
 5.7001788e-002
 5.7091545e-002
 5.7193860e-002
 5.7311412e-002
 5.7446003e-002
 5.7597864e-002
 5.7765156e-002
 5.7943672e-002
 5.8127195e-002
 5.8307994e-002
 5.8477890e-002
 5.8629569e-002
 5.8757763e-002
 5.8860496e-002
 5.8939662e-002
 5.9001151e-002
 5.9054185e-002
 5.9109930e-002
 5.9179753e-002
 5.9273258e-002
 5.9396587e-002
 5.9551373e-002
 5.9734300e-002
 5.9937727e-002
 6.0150679e-002
 6.0360432e-002
 6.0554154e-002
 6.0720123e-002
 6.0848858e-002
 6.0933530e-002
 6.0970228e-002
 6.0957927e-002
 6.0898352e-002
 6.0795888e-002
 6.0657408e-002
 6.0492203e-002
 6.0311511e-002
 6.0128093e-002
 5.9955310e-002
 5.9805952e-002
 5.9691109e-002
 5.9618782e-002
 5.9593003e-002
 5.9613198e-002
 5.9674282e-002
 5.9767373e-002
 5.9881177e-002
 6.0003702e-002
 6.0124125e-002
 6.0234431e-002
 6.0330257e-002
 6.0411081e-002
 6.0479317e-002
 6.0538892e-002
 6.0593523e-002
 6.0645171e-002
 6.0693182e-002
 6.0734261e-002
 6.0763236e-002
 6.0774587e-002
 6.0764216e-002
 6.0731042e-002
 6.0677540e-002
 6.0609363e-002
 6.0534339e-002
 6.0461286e-002
 6.0399018e-002
 6.0355484e-002
 6.0336918e-002
 6.0347151e-002
 6.0387399e-002
 6.0456425e-002
 6.0551241e-002
 6.0667884e-002
 6.0802188e-002
 6.0950175e-002
 6.1108220e-002
 6.1273016e-002
 6.1441232e-002
 6.1609391e-002
 6.1773542e-002
 6.1929353e-002
 6.2072285e-002
 6.2197767e-002
 6.2301762e-002
 6.2381372e-002
 6.2435329e-002
 6.2464524e-002
 6.2472142e-002
 6.2463585e-002
 6.2445980e-002
 6.2427402e-002
 6.2415875e-002
 6.2418371e-002
 6.2439833e-002
 6.2482547e-002
 6.2546015e-002
 6.2627278e-002
 6.2721357e-002
 6.2821999e-002
 6.2922381e-002
 6.3015684e-002
 6.3095830e-002
 6.3158177e-002
 6.3200258e-002
 6.3222349e-002
 6.3227646e-002
 6.3222125e-002
 6.3213818e-002
 6.3211560e-002
 6.3223414e-002
 6.3254915e-002
 6.3307516e-002
 6.3377708e-002
 6.3457392e-002
 6.3535288e-002
 6.3598923e-002
 6.3636936e-002
 6.3641131e-002
 6.3607879e-002
 6.3538745e-002
 6.3440539e-002
 6.3324653e-002
 6.3205525e-002
 6.3098848e-002
 6.3019425e-002
 6.2979408e-002
 6.2986784e-002
 6.3044704e-002
 6.3151486e-002
 6.3301153e-002
 6.3484475e-002
 6.3689999e-002
 6.3905410e-002
 6.4118415e-002
 6.4317726e-002
 6.4493805e-002
 6.4639241e-002
 6.4749263e-002
 6.4821780e-002
 6.4857438e-002
 6.4859390e-002
 6.4832829e-002
 6.4784348e-002
 6.4721122e-002
 6.4650074e-002
 6.4577028e-002
 6.4506218e-002
 6.4439930e-002
 6.4378634e-002
 6.4321436e-002
 6.4266771e-002
 6.4213306e-002
 6.4160727e-002
 6.4110406e-002
 6.4065635e-002
 6.4031467e-002
 6.4014114e-002
 6.4020023e-002
 6.4054780e-002
 6.4121962e-002
 6.4222410e-002
 6.4353719e-002
 6.4510338e-002
 6.4684272e-002
 6.4865939e-002
 6.5045603e-002
 6.5214485e-002
 6.5365918e-002
 6.5496072e-002
 6.5604053e-002
 6.5691747e-002
 6.5763086e-002
 6.5823182e-002
 6.5877348e-002
 6.5930203e-002
 6.5985098e-002
 6.6043779e-002
 6.6106394e-002
 6.6171840e-002
 6.6238180e-002
 6.6303208e-002
 6.6364959e-002
 6.6422038e-002
 6.6473924e-002
 6.6520914e-002
 6.6564053e-002
 6.6604927e-002
 6.6645369e-002
 6.6687241e-002
 6.6732191e-002
 6.6781498e-002
 6.6835999e-002
 6.6895992e-002
 6.6961326e-002
 6.7031354e-002
 6.7105025e-002
 6.7181006e-002
 6.7257725e-002
 6.7333549e-002
 6.7406811e-002
 6.7475967e-002
 6.7539662e-002
 6.7596786e-002
 6.7646503e-002
 6.7688294e-002
 6.7722037e-002
 6.7748040e-002
 6.7767061e-002
 6.7780316e-002
 6.7789458e-002
 6.7796528e-002
 6.7803852e-002
 6.7813829e-002
 6.7828692e-002
 6.7850202e-002
 6.7879289e-002
 6.7915715e-002
 6.7957841e-002
 6.8002701e-002
 6.8046272e-002
 6.8084009e-002
 6.8111561e-002
 6.8125501e-002
 6.8124056e-002
 6.8107612e-002
 6.8078943e-002
 6.8043210e-002
 6.8007648e-002
 6.7980856e-002
 6.7971788e-002
 6.7988649e-002
 6.8037637e-002
 6.8122000e-002
 6.8241231e-002
 6.8390988e-002
 6.8563312e-002
 6.8747528e-002
 6.8931520e-002
 6.9102950e-002
 6.9250852e-002
 6.9366679e-002
 6.9445193e-002
 6.9484867e-002
 6.9487728e-002
 6.9458880e-002
 6.9405660e-002
 6.9336623e-002
 6.9260538e-002
 6.9185525e-002
 6.9118381e-002
 6.9064200e-002
 6.9026262e-002
 6.9006078e-002
 6.9003724e-002
 6.9018073e-002
 6.9047175e-002
 6.9088511e-002
 6.9139257e-002
 6.9196440e-002
 6.9257043e-002
 6.9318183e-002
 6.9377102e-002
 6.9431342e-002
 6.9478787e-002
 6.9517769e-002
 6.9547191e-002
 6.9566585e-002
 6.9576293e-002
 6.9577605e-002
 6.9572940e-002
 6.9566101e-002
 6.9562443e-002
 6.9569007e-002
 6.9594465e-002
 6.9648758e-002
 6.9742456e-002
 6.9885693e-002
 7.0086844e-002
 7.0350908e-002
 7.0677966e-002
 7.1062066e-002
 7.1490310e-002
 7.1943045e-002
 7.2395138e-002
 7.2817519e-002
 7.3180348e-002
 7.3455796e-002
 7.3621362e-002
 7.3662564e-002
 7.3574677e-002
 7.3363416e-002
 7.3044367e-002
 7.2641261e-002
 7.2183184e-002
 7.1701862e-002
 7.1228176e-002
 7.0789903e-002
 7.0409514e-002
 7.0102967e-002
 6.9879673e-002
 6.9742575e-002
 6.9689259e-002
 6.9712892e-002
 6.9803439e-002
 6.9948606e-002
 7.0134699e-002
 7.0347480e-002
 7.0572659e-002
 7.0796795e-002
 7.1007811e-002
 7.1195841e-002
 7.1353994e-002
 7.1478784e-002
 7.1570538e-002
 7.1633279e-002
 7.1674317e-002
 7.1703397e-002
 7.1731292e-002
 7.1768284e-002
 7.1822554e-002
 7.1898744e-002
 7.1997091e-002
 7.2113208e-002
 7.2239019e-002
 7.2363965e-002
 7.2476514e-002
 7.2565816e-002
 7.2622918e-002
 7.2641864e-002
 7.2620057e-002
 7.2558612e-002
 7.2462842e-002
 7.2342157e-002
 7.2209425e-002
 7.2079755e-002
 7.1968950e-002
 7.1891502e-002
 7.1858615e-002
 7.1876429e-002
 7.1945205e-002
 7.2059311e-002
 7.2189428e-002
 7.2378412e-002
 7.2571024e-002
 7.2750300e-002
 7.2901696e-002
 7.3015131e-002
 7.3086046e-002
 7.3114991e-002
 7.3106140e-002
 7.3065624e-002
 7.3000342e-002
 7.2917335e-002
 7.2823435e-002
 7.2724976e-002
 7.2627582e-002
 7.2536007e-002
 7.2454125e-002
 7.2385080e-002
 7.2331399e-002
 7.2295308e-002
 7.2278783e-002
 7.2283633e-002
 7.2311349e-002
 7.2362818e-002
 7.2437927e-002
 7.2535150e-002
 7.2651416e-002
 7.2782233e-002
 7.2922140e-002
 7.3065020e-002
 7.3204555e-002
 7.3334552e-002
 7.3449239e-002
 7.3543951e-002
 7.3615722e-002
 7.3663928e-002
 7.3690563e-002
 7.3699929e-002
 7.3698051e-002
 7.3692001e-002
 7.3689230e-002
 7.3697120e-002
 7.3722370e-002
 7.3770173e-002
 7.3843226e-002
 7.3940769e-002
 7.4058302e-002
 7.4187838e-002
 7.4318886e-002
 7.4439533e-002
 7.4537240e-002
 7.4599758e-002
 7.4616097e-002
 7.4578039e-002
 7.4481994e-002
 7.4330710e-002
 7.4133821e-002
 7.3907323e-002
 7.3671833e-002
 7.3450595e-002
 7.3268078e-002
 7.3148295e-002
 7.3113360e-002
 7.3180921e-002
 7.3361315e-002
 7.3654808e-002
 7.4050553e-002
 7.4527860e-002
 7.5058430e-002
 7.5609855e-002
 7.6147661e-002
 7.6637425e-002
 7.7046923e-002
 7.7348381e-002
 7.7521995e-002
 7.7558458e-002
 7.7460289e-002
 7.7240586e-002
 7.6920353e-002
 7.6525114e-002
 7.6082662e-002
 7.5621203e-002
 7.5167760e-002
 7.4746959e-002
 7.4378744e-002
 7.4077152e-002
 7.3849447e-002
 7.3696770e-002
 7.3615849e-002
 7.3600672e-002
 7.3643893e-002
 7.3737577e-002
 7.3873527e-002
 7.4043207e-002
 7.4237637e-002
 7.4447319e-002
 7.4662045e-002
 7.4871123e-002
 7.5063363e-002
 7.5227380e-002
 7.5351857e-002
 7.5425848e-002
 7.5439565e-002
 7.5385571e-002
 7.5260371e-002
 7.5065717e-002
 7.4809350e-002
 7.4504182e-002
 7.4167155e-002
 7.3817514e-002
 7.3475376e-002
 7.3160931e-002
 7.2892994e-002
 7.2687797e-002
 7.2556928e-002
 7.2505705e-002
 7.2532609e-002
 7.2629824e-002
 7.2784998e-002
 7.2982997e-002
 7.3207505e-002
 7.3441997e-002
 7.3670715e-002
 7.3879875e-002
 7.4058816e-002
 7.4201338e-002
 7.4306026e-002
 7.4375853e-002
 7.4417047e-002
 7.4437730e-002
 7.4446902e-002
 7.4453674e-002
 7.4466616e-002
 7.4493006e-002
 7.4537843e-002
 7.4603140e-002
 7.4687511e-002
 7.4786521e-002
 7.4893549e-002
 7.5000606e-002
 7.5099148e-002
 7.5180732e-002
 7.5237580e-002
 7.5263567e-002
 7.5255252e-002
 7.5212896e-002
 7.5140849e-002
 7.5047143e-002
 7.4942499e-002
 7.4839279e-002
 7.4750513e-002
 7.4689113e-002
 7.4667156e-002
 7.4694671e-002
 7.4778363e-002
 7.4920319e-002
 7.5117648e-002
 7.5362794e-002
 7.5644955e-002
 7.5951219e-002
 7.6267779e-002
 7.6580808e-002
 7.6876946e-002
 7.7144213e-002
 7.7373095e-002
 7.7557154e-002
 7.7693596e-002
 7.7782758e-002
 7.7827364e-002
 7.7831581e-002
 7.7800266e-002
 7.7738576e-002
 7.7651843e-002
 7.7545568e-002
 7.7425458e-002
 7.7297583e-002
 7.7168308e-002
 7.7044360e-002
 7.6932691e-002
 7.6840334e-002
 7.6774336e-002
 7.6741487e-002
 7.6747939e-002
 7.6798506e-002
 7.6895751e-002
 7.7039197e-002
 7.7225059e-002
 7.7446483e-002
 7.7694342e-002
 7.7958301e-002
 7.8227334e-002
 7.8490369e-002
 7.8736894e-002
 7.8957379e-002
 7.9144254e-002
 7.9292424e-002
 7.9399571e-002
 7.9465985e-002
 7.9493739e-002
 7.9486080e-002
 7.9446785e-002
 7.9379819e-002
 7.9289228e-002
 7.9178981e-002
 7.9052895e-002
 7.8914732e-002
 7.8768000e-002
 7.8616053e-002
 7.8462116e-002
 7.8309439e-002
 7.8161113e-002
 7.8020155e-002
 7.7889562e-002
 7.7771924e-002
 7.7669404e-002
 7.7583596e-002
 7.7515356e-002
 7.7464908e-002
 7.7432029e-002
 7.7416226e-002
 7.7416852e-002
 7.7433161e-002
 7.7464268e-002
 7.7509105e-002
 7.7566251e-002
 7.7633768e-002
 7.7709250e-002
 7.7789813e-002
 7.7872172e-002
 7.7952906e-002
 7.8028522e-002
 7.8095682e-002
 7.8151383e-002
 7.8193523e-002
 7.8221381e-002
 7.8236133e-002
 7.8241065e-002
 7.8241363e-002
 7.8243621e-002
 7.8255236e-002
 7.8283936e-002
 7.8337319e-002
 7.8422293e-002
 7.8544304e-002
 7.8706384e-002
 7.8908078e-002
 7.9145342e-002
 7.9410814e-002
 7.9694472e-002
 7.9985023e-002
 8.0270559e-002
 8.0539010e-002
 8.0779247e-002
 8.0981739e-002
 8.1139803e-002
 8.1250452e-002
 8.1315033e-002
 8.1338681e-002
 8.1329316e-002
 8.1296541e-002
 8.1250653e-002
 8.1201926e-002
 8.1159778e-002
 8.1131764e-002
 8.1122249e-002
 8.1131324e-002
 8.1154287e-002
 8.1182152e-002
 8.1202745e-002
 8.1202075e-002
 8.1165388e-002
 8.1078313e-002
 8.0928035e-002
 8.0705248e-002
 8.0406398e-002
 8.0036066e-002
 7.9607435e-002
 7.9141520e-002
 7.8665517e-002
 7.8209721e-002
 7.7805795e-002
 7.7485271e-002
 7.7276841e-002
 7.7203698e-002
 7.7279687e-002
 7.7505857e-002
 7.7869192e-002
 7.8344069e-002
 7.8895144e-002
 7.9481870e-002
 8.0061376e-002
 8.0590598e-002
 8.1029847e-002
 8.1345998e-002
 8.1516907e-002
 8.1535853e-002
 8.1412859e-002
 8.1173070e-002
 8.0852993e-002
 8.0495588e-002
 8.0146626e-002
 7.9852037e-002
 7.9654321e-002
 7.9588883e-002
 7.9679027e-002
 7.9931542e-002
 8.0335155e-002
 8.0861799e-002
 8.1471592e-002
 8.2117386e-002
 8.2749069e-002
 8.3316073e-002
 8.3771482e-002
 8.4075555e-002
 8.4200628e-002
 8.4135942e-002
 8.3889045e-002
 8.3484352e-002
 8.2958415e-002
 8.2355112e-002
 8.1721433e-002
 8.1105106e-002
 8.0550924e-002
 8.0097891e-002
 7.9775408e-002
 7.9599038e-002
 7.9569548e-002
 7.9674251e-002
 7.9890452e-002
 8.0189660e-002
 8.0540426e-002
 8.0910996e-002
 8.1270859e-002
 8.1592858e-002
 8.1855237e-002
 8.2044169e-002
 8.2154222e-002
 8.2187556e-002
 8.2152098e-002
 8.2059078e-002
 8.1921391e-002
 8.1752367e-002
 8.1565030e-002
 8.1371374e-002
 8.1181824e-002
 8.1004299e-002
 8.0844134e-002
 8.0704406e-002
 8.0586344e-002
 8.0490150e-002
 8.0415592e-002
 8.0362141e-002
 8.0329232e-002
 8.0316268e-002
 8.0322638e-002
 8.0347687e-002
 8.0390781e-002
 8.0451198e-002
 8.0528252e-002
 8.0621243e-002
 8.0729373e-002
 8.0851838e-002
 8.0987677e-002
 8.1135452e-002
 8.1293203e-002
 8.1458144e-002
 8.1626594e-002
 8.1793919e-002
 8.1955031e-002
 8.2104459e-002
 8.2236528e-002
 8.2345806e-002
 8.2427323e-002
 8.2477115e-002
 8.2493022e-002
 8.2475215e-002
 8.2426518e-002
 8.2352109e-002
 8.2258902e-002
 8.2154840e-002
 8.2048386e-002
 8.1947953e-002
 8.1861541e-002
 8.1796288e-002
 8.1757665e-002
 8.1749015e-002
 8.1771284e-002
 8.1823260e-002
 8.1902131e-002
 8.2004152e-002
 8.2125045e-002
 8.2260415e-002
 8.2405813e-002
 8.2556725e-002
 8.2708739e-002
 8.2857519e-002
 8.2998678e-002
 8.3127975e-002
 8.3241202e-002
 8.3334185e-002
 8.3402768e-002
 8.3443075e-002
 8.3451681e-002
 8.3426155e-002
 8.3365738e-002
 8.3271861e-002
 8.3148539e-002
 8.3001927e-002
 8.2839824e-002
 8.2671128e-002
 8.2505018e-002
 8.2350664e-002
 8.2216673e-002
 8.2110547e-002
 8.2037620e-002
 8.2000516e-002
 8.1998810e-002
 8.2029268e-002
 8.2086675e-002
 8.2164533e-002
 8.2255870e-002
 8.2353681e-002
 8.2451448e-002
 8.2543693e-002
 8.2626894e-002
 8.2700044e-002
 8.2764909e-002
 8.2825832e-002
 8.2889043e-002
 8.2961798e-002
 8.3051838e-002
 8.3166748e-002
 8.3313115e-002
 8.3495662e-002
 8.3715767e-002
 8.3970405e-002
 8.4251426e-002
 8.4546365e-002
 8.4839500e-002
 8.5112944e-002
 8.5348263e-002
 8.5527197e-002
 8.5632764e-002
 8.5651152e-002
 8.5573673e-002
 8.5398510e-002
 8.5131712e-002
 8.4786192e-002
 8.4379897e-002
 8.3934136e-002
 8.3471276e-002
 8.3013766e-002
 8.2583308e-002
 8.2198724e-002
 8.1874579e-002
 8.1619784e-002
 8.1436545e-002
 8.1321292e-002
 8.1266128e-002
 8.1260607e-002
 8.1293054e-002
 8.1351504e-002
 8.1424348e-002
 8.1501111e-002
 8.1573151e-002
 8.1634313e-002
 8.1681296e-002
 8.1713304e-002
 8.1731416e-002
 8.1737809e-002
 8.1735253e-002
 8.1726737e-002
 8.1715398e-002
 8.1704520e-002
 8.1697583e-002
 8.1698343e-002
 8.1710890e-002
 8.1739567e-002
 8.1788912e-002
 8.1863567e-002
 8.1968114e-002
 8.2106821e-002
 8.2282946e-002
 8.2497947e-002
 8.2750194e-002
 8.3033651e-002
 8.3337739e-002
 8.3647676e-002
 8.3945334e-002
 8.4211014e-002
 8.4424309e-002
 8.4565327e-002
 8.4616162e-002
 8.4563464e-002
 8.4401190e-002
 8.4133498e-002
 8.3775572e-002
 8.3352573e-002
 8.2897380e-002
 8.2446918e-002
 8.2039908e-002
 8.1714965e-002
 8.1507556e-002
 8.1446886e-002
 8.1551597e-002
 8.1825763e-002
 8.2257532e-002
 8.2820743e-002
 8.3478183e-002
 8.4186725e-002
 8.4900551e-002
 8.5573301e-002
 8.6161867e-002
 8.6629197e-002
 8.6948857e-002
 8.7108530e-002
 8.7112002e-002
 8.6977266e-002
 8.6732946e-002
 8.6413883e-002
 8.6057641e-002
 8.5702360e-002
 8.5383981e-002
 8.5133821e-002
 8.4975205e-002
 8.4920764e-002
 8.4971018e-002
 8.5115753e-002
 8.5336693e-002
 8.5610844e-002
 8.5913092e-002
 8.6217649e-002
 8.6499900e-002
 8.6737692e-002
 8.6913012e-002
 8.7013818e-002
 8.7034471e-002
 8.6975127e-002
 8.6840279e-002
 8.6636938e-002
 8.6373359e-002
 8.6058527e-002
 8.5701585e-002
 8.5311934e-002
 8.4899813e-002
 8.4475823e-002
 8.4051415e-002
 8.3638661e-002
 8.3250456e-002
 8.2899697e-002
 8.2599334e-002
 8.2362190e-002
 8.2199745e-002
 8.2121149e-002
 8.2131609e-002
 8.2230747e-002
 8.2412072e-002
 8.2663633e-002
 8.2969867e-002
 8.3313137e-002
 8.3675094e-002
 8.4037334e-002
 8.4382862e-002
 8.4696941e-002
 8.4968217e-002
 8.5190259e-002
 8.5361868e-002
 8.5486643e-002
 8.5572146e-002
 8.5628286e-002
 8.5666157e-002
 8.5697114e-002
 8.5732408e-002
 8.5782982e-002
 8.5859351e-002
 8.5966356e-002
 8.6086258e-002
 8.6276047e-002
 8.6485729e-002
 8.6704470e-002
 8.6921386e-002
 8.7125689e-002
 8.7306403e-002
 8.7452695e-002
 8.7553725e-002
 8.7598614e-002
 8.7577745e-002
 8.7492980e-002
 8.7352522e-002
 8.7164611e-002
 8.6937428e-002
 8.6679317e-002
 8.6398467e-002
 8.6103119e-002
 8.5801467e-002
 8.5501879e-002
 8.5212506e-002
 8.4941611e-002
 8.4697373e-002
 8.4488153e-002
 8.4321395e-002
 8.4197775e-002
 8.4114358e-002
 8.4068149e-002
 8.4056184e-002
 8.4075458e-002
 8.4122993e-002
 8.4195822e-002
 8.4290937e-002
 8.4405363e-002
 8.4536090e-002
 8.4680200e-002
 8.4834628e-002
 8.4996432e-002
 8.5162610e-002
 8.5330188e-002
 8.5496224e-002
 8.5657649e-002
 8.5811697e-002
 8.5957319e-002
 8.6094312e-002
 8.6222462e-002
 8.6341582e-002
 8.6451523e-002
 8.6552113e-002
 8.6643122e-002
 8.6724386e-002
 8.6795717e-002
 8.6856946e-002
 8.6907893e-002
 8.6948343e-002
 8.6978137e-002
 8.6997084e-002
 8.7005004e-002
 8.7001711e-002
 8.6987019e-002
 8.6960748e-002
 8.6922713e-002
 8.6872727e-002
 8.6810619e-002
 8.6736292e-002
 8.6650446e-002
 8.6554289e-002
 8.6448938e-002
 8.6335540e-002
 8.6215258e-002
 8.6089186e-002
 8.5958555e-002
 8.5824482e-002
 8.5688114e-002
 8.5550554e-002
 8.5413054e-002
 8.5276693e-002
 8.5142635e-002
 8.5012011e-002
 8.4886014e-002
 8.4765777e-002
 8.4652431e-002
 8.4547140e-002
 8.4451027e-002
 8.4365301e-002
 8.4291071e-002
 8.4229477e-002
 8.4181689e-002
 8.4148854e-002
 8.4132127e-002
 8.4132493e-002
 8.4149614e-002
 8.4182531e-002
 8.4230267e-002
 8.4291838e-002
 8.4366255e-002
 8.4452569e-002
 8.4549762e-002
 8.4656879e-002
 8.4772930e-002
 8.4896974e-002
 8.5027970e-002
 8.5164972e-002
 8.5306995e-002
 8.5453108e-002
 8.5602246e-002
 8.5753478e-002
 8.5905820e-002
 8.6058319e-002
 8.6209945e-002
 8.6359747e-002
 8.6506732e-002
 8.6649939e-002
 8.6788423e-002
 8.6921118e-002
 8.7047115e-002
 8.7165393e-002
 8.7275021e-002
 8.7374978e-002
 8.7464295e-002
 8.7542109e-002
 8.7608464e-002
 8.7663777e-002
 8.7708518e-002
