s07_ASD Record=5135: Hematite GDS69.c 60-104um     BECKb AREF
 7.8433454e-002
 7.8679837e-002
 7.9091758e-002
 7.9627521e-002
 8.0217332e-002
 8.0782339e-002
 8.1258379e-002
 8.1610404e-002
 8.1836253e-002
 8.1960775e-002
 8.2022995e-002
 8.2064129e-002
 8.2119711e-002
 8.2215972e-002
 8.2366198e-002
 8.2569599e-002
 8.2815252e-002
 8.3088741e-002
 8.3376095e-002
 8.3665319e-002
 8.3946861e-002
 8.4214754e-002
 8.4468685e-002
 8.4715329e-002
 8.4967837e-002
 8.5242935e-002
 8.5554652e-002
 8.5906923e-002
 8.6292818e-002
 8.6701408e-002
 8.7123498e-002
 8.7553404e-002
 8.7987341e-002
 8.8421278e-002
 8.8848673e-002
 8.9260459e-002
 8.9647740e-002
 9.0004563e-002
 9.0330638e-002
 9.0632431e-002
 9.0921439e-002
 9.1209196e-002
 9.1500200e-002
 9.1786072e-002
 9.2045844e-002
 9.2255093e-002
 9.2400931e-002
 9.2494205e-002
 9.2569843e-002
 9.2672803e-002
 9.2836469e-002
 9.3066171e-002
 9.3337111e-002
 9.3607627e-002
 9.3839437e-002
 9.4011679e-002
 9.4125696e-002
 9.4199508e-002
 9.4253868e-002
 9.4308659e-002
 9.4380997e-002
 9.4468884e-002
 9.4565704e-002
 9.4663821e-002
 9.4747722e-002
 9.4806194e-002
 9.4845295e-002
 9.4882406e-002
 9.4939753e-002
 9.5038116e-002
 9.5187068e-002
 9.5377237e-002
 9.5580928e-002
 9.5760018e-002
 9.5878221e-002
 9.5914520e-002
 9.5871784e-002
 9.5775373e-002
 9.5661379e-002
 9.5560752e-002
 9.5487885e-002
 9.5439538e-002
 9.5403366e-002
 9.5369838e-002
 9.5339604e-002
 9.5321797e-002
 9.5324405e-002
 9.5342755e-002
 9.5354304e-002
 9.5324576e-002
 9.5222376e-002
 9.5035657e-002
 9.4777465e-002
 9.4478078e-002
 9.4169863e-002
 9.3875840e-002
 9.3608595e-002
 9.3378015e-002
 9.3197770e-002
 9.3080893e-002
 9.3025506e-002
 9.3003787e-002
 9.2967115e-002
 9.2866436e-002
 9.2679150e-002
 9.2426345e-002
 9.2159607e-002
 9.1925718e-002
 9.1737717e-002
 9.1571949e-002
 9.1390856e-002
 9.1171987e-002
 9.0922333e-002
 9.0671293e-002
 9.0450101e-002
 9.0273179e-002
 9.0132713e-002
 9.0007052e-002
 8.9874752e-002
 8.9724675e-002
 8.9558505e-002
 8.9387543e-002
 8.9226745e-002
 8.9087345e-002
 8.8970408e-002
 8.8865869e-002
 8.8759482e-002
 8.8643894e-002
 8.8525578e-002
 8.8422671e-002
 8.8353418e-002
 8.8319749e-002
 8.8297591e-002
 8.8248909e-002
 8.8156089e-002
 8.8049904e-002
 8.7993868e-002
 8.8024005e-002
 8.8096231e-002
 8.8101581e-002
 8.7949455e-002
 8.7646864e-002
 8.7297790e-002
 8.7023288e-002
 8.6876452e-002
 8.6823709e-002
 8.6796522e-002
 8.6759239e-002
 8.6732700e-002
 8.6755104e-002
 8.6820684e-002
 8.6863972e-002
 8.6813241e-002
 8.6656213e-002
 8.6441889e-002
 8.6221233e-002
 8.6009286e-002
 8.5821040e-002
 8.5724175e-002
 8.5808881e-002
 8.6078070e-002
 8.6393312e-002
 8.6577810e-002
 8.6582631e-002
 8.6523429e-002
 8.6543076e-002
 8.6660467e-002
 8.6766675e-002
 8.6750261e-002
 8.6603507e-002
 8.6410172e-002
 8.6257115e-002
 8.6173981e-002
 8.6140804e-002
 8.6128451e-002
 8.6136669e-002
 8.6210199e-002
 8.6402491e-002
 8.6694270e-002
 8.6963437e-002
 8.7079808e-002
 8.7030455e-002
 8.6915620e-002
 8.6824164e-002
 8.6755052e-002
 8.6667098e-002
 8.6563222e-002
 8.6497918e-002
 8.6515933e-002
 8.6607106e-002
 8.6724192e-002
 8.6829059e-002
 8.6915210e-002
 8.7005198e-002
 8.7142393e-002
 8.7357886e-002
 8.7604612e-002
 8.7737083e-002
 8.7611683e-002
 8.7228484e-002
 8.6753599e-002
 8.6395189e-002
 8.6264342e-002
 8.6330302e-002
 8.6470068e-002
 8.6561419e-002
 8.6561725e-002
 8.6508490e-002
 8.6435586e-002
 8.6310424e-002
 8.6089008e-002
 8.5814632e-002
 8.5607655e-002
 8.5550599e-002
 8.5616931e-002
 8.5713632e-002
 8.5763544e-002
 8.5744046e-002
 8.5680433e-002
 8.5632935e-002
 8.5683115e-002
 8.5880116e-002
 8.6148791e-002
 8.6268201e-002
 8.6017556e-002
 8.5391879e-002
 8.4662676e-002
 8.4188640e-002
 8.4130146e-002
 8.4338725e-002
 8.4539749e-002
 8.4602349e-002
 8.4597744e-002
 8.4637433e-002
 8.4733590e-002
 8.4818393e-002
 8.4841549e-002
 8.4820852e-002
 8.4815890e-002
 8.4886290e-002
 8.5079834e-002
 8.5402288e-002
 8.5741781e-002
 8.5881956e-002
 8.5702948e-002
 8.5348211e-002
 8.5078731e-002
 8.4993064e-002
 8.5003816e-002
 8.5041575e-002
 8.5121088e-002
 8.5226320e-002
 8.5315853e-002
 8.5478507e-002
 8.5896194e-002
 8.6496525e-002
 8.6912416e-002
 8.7005295e-002
 8.6990498e-002
 8.6870141e-002
 8.6414106e-002
 8.5801199e-002
 8.5540064e-002
 8.5704796e-002
 8.5844472e-002
 8.5706286e-002
 8.5598931e-002
 8.5860237e-002
 8.6269580e-002
 8.6299084e-002
 8.5820116e-002
 8.5212745e-002
 8.4832020e-002
 8.4718935e-002
 8.4763408e-002
 8.4844425e-002
 8.4867708e-002
 8.4811248e-002
 8.4695429e-002
 8.4531844e-002
 8.4352523e-002
 8.4219113e-002
 8.4158339e-002
 8.4133893e-002
 8.4097601e-002
 8.4034637e-002
 8.3960265e-002
 8.3894715e-002
 8.3845206e-002
 8.3805032e-002
 8.3761394e-002
 8.3705090e-002
 8.3641276e-002
 8.3589092e-002
 8.3556853e-002
 8.3531119e-002
 8.3537661e-002
 8.3688416e-002
 8.4032133e-002
 8.4341690e-002
 8.4272988e-002
 8.3826043e-002
 8.3400935e-002
 8.3291531e-002
 8.3382793e-002
 8.3432481e-002
 8.3390526e-002
 8.3344311e-002
 8.3346516e-002
 8.3400704e-002
 8.3518259e-002
 8.3703741e-002
 8.3889589e-002
 8.3932869e-002
 8.3749995e-002
 8.3474234e-002
 8.3356246e-002
 8.3474204e-002
 8.3651096e-002
 8.3678484e-002
 8.3575457e-002
 8.3516143e-002
 8.3578788e-002
 8.3688617e-002
 8.3750114e-002
 8.3750740e-002
 8.3750188e-002
 8.3801121e-002
 8.3889559e-002
 8.3949931e-002
 8.3930440e-002
 8.3840288e-002
 8.3738610e-002
 8.3685577e-002
 8.3705686e-002
 8.3789162e-002
 8.3915919e-002
 8.4072486e-002
 8.4247798e-002
 8.4415212e-002
 8.4524676e-002
 8.4530160e-002
 8.4446281e-002
 8.4377825e-002
 8.4457673e-002
 8.4709406e-002
 8.4966980e-002
 8.4984720e-002
 8.4678002e-002
 8.4260948e-002
 8.4100194e-002
 8.4369183e-002
 8.4844343e-002
 8.5146710e-002
 8.5256748e-002
 8.5339494e-002
 8.5425794e-002
 8.5610308e-002
 8.6139508e-002
 8.6902589e-002
 8.7238602e-002
 8.6785540e-002
 8.6102284e-002
 8.5903831e-002
 8.6179815e-002
 8.6507939e-002
 8.6694576e-002
 8.6723424e-002
 8.6519316e-002
 8.6143948e-002
 8.5944369e-002
 8.6165458e-002
 8.6613871e-002
 8.6951613e-002
 8.7094918e-002
 8.7144934e-002
 8.7152176e-002
 8.7109767e-002
 8.7045982e-002
 8.7010793e-002
 8.7021172e-002
 8.7066717e-002
 8.7124385e-002
 8.7128818e-002
 8.6982533e-002
 8.6679526e-002
 8.6429678e-002
 8.6607352e-002
 8.7401554e-002
 8.8336639e-002
 8.8529997e-002
 8.7980658e-002
 8.7918200e-002
 8.8983223e-002
 9.0058506e-002
 8.9994937e-002
 8.9378625e-002
 8.9206457e-002
 8.9589112e-002
 8.9588642e-002
 8.8637657e-002
 8.7528512e-002
 8.7045878e-002
 8.7238714e-002
 8.7884754e-002
 8.8658750e-002
 8.9157224e-002
 8.9055896e-002
 8.8379659e-002
 8.7503783e-002
 8.6831778e-002
 8.6520836e-002
 8.6476907e-002
 8.6530901e-002
 8.6541481e-002
 8.6410671e-002
 8.6099133e-002
 8.5689813e-002
 8.5374117e-002
 8.5314348e-002
 8.5493602e-002
 8.5717209e-002
 8.5777961e-002
 8.5623965e-002
 8.5353009e-002
 8.5082330e-002
 8.4874384e-002
 8.4729806e-002
 8.4618628e-002
 8.4550202e-002
 8.4557183e-002
 8.4722742e-002
 8.5089266e-002
 8.5530780e-002
 8.5853726e-002
 8.5864261e-002
 8.5421965e-002
 8.4736489e-002
 8.4158644e-002
 8.4039666e-002
 8.4645286e-002
 8.5677870e-002
 8.6612009e-002
 8.6921662e-002
 8.6185575e-002
 8.4676236e-002
 8.2947470e-002
 8.1553742e-002
 8.0965877e-002
 8.1095472e-002
 8.1732564e-002
 8.2333669e-002
 8.2660146e-002
 8.2620963e-002
 8.2341030e-002
 8.1954576e-002
 8.1595957e-002
 8.1395105e-002
 8.1384674e-002
 8.1500776e-002
 8.1675388e-002
 8.1840426e-002
 8.1930101e-002
 8.1928045e-002
 8.1866756e-002
 8.1780806e-002
 8.1704736e-002
 8.1671670e-002
 8.1682369e-002
 8.1705928e-002
 8.1710070e-002
 8.1662573e-002
 8.1531197e-002
 8.1296489e-002
 8.0988772e-002
 8.0650382e-002
 8.0323748e-002
 8.0051176e-002
 7.9875082e-002
 7.9824351e-002
 7.9876177e-002
 7.9995267e-002
 8.0146335e-002
 8.0294117e-002
 8.0403313e-002
 8.0438673e-002
 8.0377325e-002
 8.0243818e-002
 8.0073908e-002
 7.9903439e-002
 7.9768196e-002
 7.9703994e-002
 7.9746641e-002
 7.9931915e-002
 8.0281675e-002
 8.0764912e-002
 8.1338353e-002
 8.1958517e-002
 8.2582161e-002
 8.3165787e-002
 8.3666109e-002
 8.4039792e-002
 8.4256142e-002
 8.4332094e-002
 8.4295563e-002
 8.4174529e-002
 8.3996959e-002
 8.3790772e-002
 8.3583981e-002
 8.3404489e-002
 8.3273612e-002
 8.3188035e-002
 8.3138764e-002
 8.3116829e-002
 8.3113246e-002
 8.3119005e-002
 8.3125174e-002
 8.3122738e-002
 8.3102725e-002
 8.3056167e-002
 8.2974032e-002
 8.2847394e-002
 8.2671173e-002
 8.2454599e-002
 8.2210101e-002
 8.1950165e-002
 8.1687182e-002
 8.1433669e-002
 8.1202023e-002
 8.1004679e-002
 8.0854133e-002
 8.0762796e-002
 8.0743127e-002
 8.0807582e-002
 8.0962420e-002
 8.1191897e-002
 8.1475273e-002
 8.1791960e-002
 8.2121179e-002
 8.2442336e-002
 8.2734667e-002
 8.2977571e-002
 8.3150312e-002
 8.3232231e-002
 8.3202653e-002
 8.3049849e-002
 8.2793556e-002
 8.2460485e-002
 8.2077250e-002
 8.1670567e-002
 8.1267044e-002
 8.0893427e-002
 8.0576293e-002
 8.0342382e-002
 8.0218330e-002
 8.0220841e-002
 8.0332078e-002
 8.0526784e-002
 8.0779620e-002
 8.1065319e-002
 8.1358559e-002
 8.1634082e-002
 8.1866525e-002
 8.2030669e-002
 8.2101144e-002
 8.2061671e-002
 8.1926629e-002
 8.1716895e-002
 8.1453457e-002
 8.1157163e-002
 8.0849014e-002
 8.0549903e-002
 8.0280729e-002
 8.0062442e-002
 7.9915956e-002
 7.9855636e-002
 7.9873659e-002
 7.9957560e-002
 8.0094874e-002
 8.0273092e-002
 8.0479801e-002
 8.0702454e-002
 8.0928646e-002
 8.1145845e-002
 8.1344470e-002
 8.1524394e-002
 8.1687465e-002
 8.1835568e-002
 8.1970535e-002
 8.2094252e-002
 8.2208566e-002
 8.2315348e-002
 8.2415603e-002
 8.2507625e-002
 8.2589120e-002
 8.2657792e-002
 8.2711346e-002
 8.2747497e-002
 8.2763962e-002
 8.2758427e-002
 8.2732923e-002
 8.2703419e-002
 8.2688749e-002
 8.2707770e-002
 8.2779296e-002
 8.2922168e-002
 8.3155252e-002
 8.3497316e-002
 8.3949313e-002
 8.4454060e-002
 8.4942974e-002
 8.5302062e-002
 8.5514389e-002
 8.5500002e-002
 8.5226648e-002
 8.4726408e-002
 8.4090926e-002
 8.3452672e-002
 8.2963355e-002
 8.2774118e-002
 8.3001420e-002
 8.3670169e-002
 8.4679604e-002
 8.5839309e-002
 8.6925514e-002
 8.7724715e-002
 8.8082157e-002
 8.7954998e-002
 8.7429069e-002
 8.6686596e-002
 8.5953236e-002
 8.5449338e-002
 8.5339338e-002
 8.5683756e-002
 8.6421899e-002
 8.7399065e-002
 8.8415511e-002
 8.9273877e-002
 8.9823551e-002
 8.9996755e-002
 8.9819893e-002
 8.9394227e-002
 8.8860460e-002
 8.8363439e-002
 8.8022299e-002
 8.7909304e-002
 8.8043287e-002
 8.8399090e-002
 8.8925444e-002
 8.9562051e-002
 9.0252392e-002
 9.1001615e-002
 9.1511972e-002
 9.2027359e-002
 9.2533335e-002
 9.3019441e-002
 9.3478918e-002
 9.3908399e-002
 9.4307244e-002
 9.4676338e-002
 9.5017552e-002
 9.5332548e-002
 9.5622428e-002
 9.5887974e-002
 9.6130185e-002
 9.6351489e-002
 9.6556798e-002
 9.6753955e-002
 9.6953601e-002
 9.7167797e-002
 9.7408138e-002
 9.7683676e-002
 9.7999029e-002
 9.8353647e-002
 9.8741479e-002
 9.9152029e-002
 9.9571548e-002
 9.9984571e-002
 1.0037695e-001
 1.0073835e-001
 1.0106473e-001
 1.0135930e-001
 1.0163112e-001
 1.0189322e-001
 1.0215969e-001
 1.0244309e-001
 1.0275257e-001
 1.0309248e-001
 1.0346255e-001
 1.0385827e-001
 1.0427240e-001
 1.0469662e-001
 1.0512254e-001
 1.0554275e-001
 1.0595120e-001
 1.0634269e-001
 1.0671274e-001
 1.0705677e-001
 1.0737003e-001
 1.0764804e-001
 1.0788727e-001
 1.0808660e-001
 1.0824858e-001
 1.0838043e-001
 1.0849419e-001
 1.0860565e-001
 1.0873223e-001
 1.0889006e-001
 1.0909077e-001
 1.0933911e-001
 1.0963140e-001
 1.0995604e-001
 1.1029521e-001
 1.1062803e-001
 1.1093444e-001
 1.1119828e-001
 1.1141004e-001
 1.1156799e-001
 1.1167778e-001
 1.1175116e-001
 1.1180360e-001
 1.1185184e-001
 1.1191164e-001
 1.1199597e-001
 1.1211412e-001
 1.1227128e-001
 1.1246901e-001
 1.1270609e-001
 1.1297937e-001
 1.1328499e-001
 1.1361898e-001
 1.1397786e-001
 1.1435885e-001
 1.1475933e-001
 1.1517665e-001
 1.1560716e-001
 1.1604580e-001
 1.1648594e-001
 1.1691931e-001
 1.1733695e-001
 1.1773061e-001
 1.1809403e-001
 1.1842487e-001
 1.1872558e-001
 1.1900377e-001
 1.1927170e-001
 1.1954415e-001
 1.1983629e-001
 1.2016068e-001
 1.2052497e-001
 1.2093060e-001
 1.2137233e-001
 1.2183954e-001
 1.2231794e-001
 1.2279213e-001
 1.2324808e-001
 1.2367448e-001
 1.2406419e-001
 1.2441394e-001
 1.2472419e-001
 1.2499849e-001
 1.2524252e-001
 1.2546377e-001
 1.2567092e-001
 1.2587342e-001
 1.2608096e-001
 1.2630254e-001
 1.2654553e-001
 1.2681484e-001
 1.2711202e-001
 1.2743533e-001
 1.2778001e-001
 1.2813930e-001
 1.2850603e-001
 1.2887368e-001
 1.2923776e-001
 1.2959610e-001
 1.2994884e-001
 1.3029782e-001
 1.3064548e-001
 1.3099410e-001
 1.3134484e-001
 1.3169767e-001
 1.3205154e-001
 1.3240466e-001
 1.3275535e-001
 1.3310248e-001
 1.3344574e-001
 1.3378598e-001
 1.3412462e-001
 1.3446335e-001
 1.3480365e-001
 1.3514604e-001
 1.3549004e-001
 1.3583389e-001
 1.3617484e-001
 1.3650978e-001
 1.3683558e-001
 1.3715011e-001
 1.3745257e-001
 1.3774386e-001
 1.3802689e-001
 1.3830599e-001
 1.3858674e-001
 1.3887510e-001
 1.3917677e-001
 1.3949662e-001
 1.3983785e-001
 1.4020176e-001
 1.4058723e-001
 1.4099050e-001
 1.4140551e-001
 1.4182363e-001
 1.4223480e-001
 1.4262794e-001
 1.4299239e-001
 1.4331938e-001
 1.4360310e-001
 1.4384186e-001
 1.4403854e-001
 1.4420009e-001
 1.4433661e-001
 1.4445958e-001
 1.4457996e-001
 1.4470647e-001
 1.4484429e-001
 1.4499475e-001
 1.4515549e-001
 1.4532165e-001
 1.4548728e-001
 1.4564654e-001
 1.4579515e-001
 1.4593087e-001
 1.4605397e-001
 1.4616725e-001
 1.4627570e-001
 1.4638631e-001
 1.4650744e-001
 1.4664821e-001
 1.4681739e-001
 1.4702202e-001
 1.4726585e-001
 1.4754784e-001
 1.4786099e-001
 1.4819252e-001
 1.4852473e-001
 1.4883730e-001
 1.4911065e-001
 1.4932902e-001
 1.4948362e-001
 1.4957410e-001
 1.4960870e-001
 1.4960264e-001
 1.4957508e-001
 1.4954573e-001
 1.4953125e-001
 1.4954275e-001
 1.4958461e-001
 1.4965461e-001
 1.4974555e-001
 1.4984754e-001
 1.4995058e-001
 1.5004691e-001
 1.5013239e-001
 1.5020677e-001
 1.5027314e-001
 1.5033616e-001
 1.5040015e-001
 1.5046726e-001
 1.5053630e-001
 1.5060268e-001
 1.5065938e-001
 1.5069897e-001
 1.5071577e-001
 1.5070792e-001
 1.5067855e-001
 1.5063581e-001
 1.5059148e-001
 1.5055889e-001
 1.5055031e-001
 1.5057459e-001
 1.5063556e-001
 1.5073150e-001
 1.5085572e-001
 1.5099786e-001
 1.5114588e-001
 1.5128785e-001
 1.5141381e-001
 1.5151672e-001
 1.5159318e-001
 1.5164346e-001
 1.5167099e-001
 1.5168166e-001
 1.5168270e-001
 1.5168153e-001
 1.5168443e-001
 1.5169559e-001
 1.5171616e-001
 1.5174404e-001
 1.5177420e-001
 1.5179968e-001
 1.5181306e-001
 1.5180820e-001
 1.5178175e-001
 1.5173414e-001
 1.5166964e-001
 1.5159550e-001
 1.5152049e-001
 1.5145282e-001
 1.5139869e-001
 1.5136109e-001
 1.5133984e-001
 1.5133230e-001
 1.5133478e-001
 1.5134406e-001
 1.5135840e-001
 1.5137801e-001
 1.5140456e-001
 1.5144025e-001
 1.5148644e-001
 1.5154271e-001
 1.5160632e-001
 1.5167232e-001
 1.5173434e-001
 1.5178546e-001
 1.5181929e-001
 1.5183054e-001
 1.5181534e-001
 1.5177126e-001
 1.5169719e-001
 1.5159328e-001
 1.5146123e-001
 1.5130463e-001
 1.5112932e-001
 1.5094352e-001
 1.5075748e-001
 1.5058230e-001
 1.5042870e-001
 1.5030503e-001
 1.5021612e-001
 1.5016226e-001
 1.5013932e-001
 1.5013963e-001
 1.5015365e-001
 1.5017173e-001
 1.5018588e-001
 1.5019089e-001
 1.5018469e-001
 1.5016821e-001
 1.5014444e-001
 1.5011753e-001
 1.5009168e-001
 1.5007046e-001
 1.5005627e-001
 1.5005024e-001
 1.5005216e-001
 1.5006071e-001
 1.5007354e-001
 1.5008761e-001
 1.5009952e-001
 1.5010600e-001
 1.5010446e-001
 1.5009356e-001
 1.5007360e-001
 1.5004665e-001
 1.5001613e-001
 1.4998631e-001
 1.4996125e-001
 1.4994396e-001
 1.4993586e-001
 1.4993660e-001
 1.4994457e-001
 1.4995776e-001
 1.4997460e-001
 1.4999476e-001
 1.5001927e-001
 1.5005000e-001
 1.5008871e-001
 1.5013583e-001
 1.5018961e-001
 1.5024588e-001
 1.5029848e-001
 1.5034066e-001
 1.5036651e-001
 1.5037239e-001
 1.5035762e-001
 1.5032436e-001
 1.5027653e-001
 1.5021832e-001
 1.5015274e-001
 1.5008055e-001
 1.5000026e-001
 1.4990887e-001
 1.4980318e-001
 1.4968129e-001
 1.4954348e-001
 1.4939256e-001
 1.4923319e-001
 1.4907072e-001
 1.4890990e-001
 1.4875375e-001
 1.4860336e-001
 1.4845823e-001
 1.4831725e-001
 1.4817992e-001
 1.4804718e-001
 1.4792190e-001
 1.4780852e-001
 1.4771236e-001
 1.4763863e-001
 1.4759159e-001
 1.4757411e-001
 1.4758764e-001
 1.4763246e-001
 1.4770800e-001
 1.4781290e-001
 1.4794484e-001
 1.4809991e-001
 1.4827244e-001
 1.4845459e-001
 1.4863712e-001
 1.4881049e-001
 1.4896661e-001
 1.4910065e-001
 1.4921220e-001
 1.4930567e-001
 1.4938924e-001
 1.4947289e-001
 1.4956579e-001
 1.4967361e-001
 1.4979684e-001
 1.4993005e-001
 1.5006268e-001
 1.5018111e-001
 1.5027116e-001
 1.5032087e-001
 1.5032268e-001
 1.5027463e-001
 1.5018070e-001
 1.5005009e-001
 1.4989594e-001
 1.4973362e-001
 1.4957905e-001
 1.4944699e-001
 1.4934963e-001
 1.4929537e-001
 1.4928797e-001
 1.4932600e-001
 1.4940308e-001
 1.4950854e-001
 1.4962886e-001
 1.4974979e-001
 1.4985836e-001
 1.4994512e-001
 1.5000540e-001
 1.5003978e-001
 1.5005335e-001
 1.5005408e-001
 1.5005049e-001
 1.5004940e-001
 1.5005419e-001
 1.5006393e-001
 1.5007375e-001
 1.5007609e-001
 1.5006259e-001
 1.5002616e-001
 1.4996269e-001
 1.4987208e-001
 1.4975825e-001
 1.4962846e-001
 1.4949192e-001
 1.4935802e-001
 1.4923480e-001
 1.4912784e-001
 1.4903967e-001
 1.4897023e-001
 1.4891779e-001
 1.4888036e-001
 1.4885700e-001
 1.4884865e-001
 1.4885850e-001
 1.4889121e-001
 1.4895163e-001
 1.4904320e-001
 1.4916642e-001
 1.4931788e-001
 1.4949027e-001
 1.4967307e-001
 1.4985421e-001
 1.5002190e-001
 1.5016636e-001
 1.5028116e-001
 1.5036380e-001
 1.5041539e-001
 1.5043996e-001
 1.5044332e-001
 1.5043178e-001
 1.5041128e-001
 1.5038674e-001
 1.5036179e-001
 1.5033905e-001
 1.5032035e-001
 1.5030707e-001
 1.5030047e-001
 1.5030165e-001
 1.5031134e-001
 1.5032943e-001
 1.5035458e-001
 1.5038377e-001
 1.5041237e-001
 1.5043430e-001
 1.5044299e-001
 1.5043233e-001
 1.5039793e-001
 1.5033811e-001
 1.5025461e-001
 1.5015256e-001
 1.5003999e-001
 1.4992666e-001
 1.4982264e-001
 1.4973666e-001
 1.4967495e-001
 1.4964031e-001
 1.4963186e-001
 1.4964563e-001
 1.4967547e-001
 1.4971453e-001
 1.4975668e-001
 1.4979769e-001
 1.4983596e-001
 1.4987253e-001
 1.4991046e-001
 1.4995399e-001
 1.5000726e-001
 1.5007360e-001
 1.5015522e-001
 1.5025328e-001
 1.5036872e-001
 1.5050277e-001
 1.5065734e-001
 1.5083484e-001
 1.5103714e-001
 1.5126413e-001
 1.5151250e-001
 1.5177460e-001
 1.5203889e-001
 1.5229096e-001
 1.5251586e-001
 1.5270092e-001
 1.5283774e-001
 1.5292373e-001
 1.5296191e-001
 1.5295942e-001
 1.5292530e-001
 1.5286776e-001
 1.5279239e-001
 1.5270126e-001
 1.5259352e-001
 1.5246710e-001
 1.5232104e-001
 1.5215765e-001
 1.5198387e-001
 1.5181147e-001
 1.5165561e-001
 1.5153281e-001
 1.5145795e-001
 1.5144134e-001
 1.5148622e-001
 1.5158738e-001
 1.5173113e-001
 1.5189715e-001
 1.5206222e-001
 1.5220399e-001
 1.5230407e-001
 1.5235014e-001
 1.5233655e-001
 1.5226509e-001
 1.5214521e-001
 1.5199286e-001
 1.5182839e-001
 1.5167344e-001
 1.5154755e-001
 1.5146568e-001
 1.5143666e-001
 1.5146287e-001
 1.5154094e-001
 1.5166330e-001
 1.5182017e-001
 1.5200101e-001
 1.5219530e-001
 1.5239310e-001
 1.5258548e-001
 1.5276453e-001
 1.5292385e-001
 1.5305905e-001
 1.5316802e-001
 1.5325147e-001
 1.5331286e-001
 1.5335824e-001
 1.5339561e-001
 1.5343390e-001
 1.5348181e-001
 1.5354645e-001
 1.5363219e-001
 1.5373975e-001
 1.5386590e-001
 1.5400390e-001
 1.5414385e-001
 1.5427382e-001
 1.5438081e-001
 1.5445161e-001
 1.5447417e-001
 1.5443924e-001
 1.5434189e-001
 1.5418299e-001
 1.5397018e-001
 1.5371799e-001
 1.5344663e-001
 1.5317994e-001
 1.5294208e-001
 1.5275401e-001
 1.5262994e-001
 1.5257455e-001
 1.5258293e-001
 1.5264221e-001
 1.5273461e-001
 1.5284093e-001
 1.5294403e-001
 1.5303122e-001
 1.5309571e-001
 1.5313683e-001
 1.5315941e-001
 1.5317202e-001
 1.5318471e-001
 1.5320657e-001
 1.5324356e-001
 1.5329704e-001
 1.5336363e-001
 1.5343572e-001
 1.5350315e-001
 1.5355529e-001
 1.5358303e-001
 1.5358078e-001
 1.5354750e-001
 1.5348707e-001
 1.5340787e-001
 1.5332161e-001
 1.5324166e-001
 1.5318133e-001
 1.5315223e-001
 1.5316288e-001
 1.5321803e-001
 1.5331826e-001
 1.5346010e-001
 1.5363652e-001
 1.5383764e-001
 1.5405145e-001
 1.5426494e-001
 1.5446472e-001
 1.5463825e-001
 1.5477479e-001
 1.5486622e-001
 1.5490791e-001
 1.5489922e-001
 1.5484373e-001
 1.5474896e-001
 1.5462591e-001
 1.5448807e-001
 1.5435027e-001
 1.5422757e-001
 1.5413396e-001
 1.5408139e-001
 1.5407883e-001
 1.5413162e-001
 1.5424098e-001
 1.5440370e-001
 1.5461218e-001
 1.5485463e-001
 1.5511596e-001
 1.5537876e-001
 1.5562505e-001
 1.5583794e-001
 1.5600374e-001
 1.5611371e-001
 1.5616511e-001
 1.5616174e-001
 1.5611337e-001
 1.5603434e-001
 1.5594131e-001
 1.5585080e-001
 1.5577659e-001
 1.5572780e-001
 1.5570766e-001
 1.5571339e-001
 1.5573722e-001
 1.5576808e-001
 1.5579389e-001
 1.5580383e-001
 1.5579024e-001
 1.5574983e-001
 1.5568401e-001
 1.5559830e-001
 1.5550120e-001
 1.5540220e-001
 1.5531002e-001
 1.5523092e-001
 1.5516764e-001
 1.5511931e-001
 1.5508211e-001
 1.5505046e-001
 1.5501843e-001
 1.5498115e-001
 1.5493572e-001
 1.5488192e-001
 1.5482250e-001
 1.5476298e-001
 1.5471107e-001
 1.5467547e-001
 1.5466453e-001
 1.5468480e-001
 1.5473971e-001
 1.5482897e-001
 1.5494838e-001
 1.5509062e-001
 1.5524638e-001
 1.5540589e-001
 1.5556073e-001
 1.5570496e-001
 1.5583605e-001
 1.5595502e-001
 1.5606564e-001
 1.5617374e-001
 1.5628590e-001
 1.5640850e-001
 1.5654695e-001
 1.5670495e-001
 1.5688442e-001
 1.5708527e-001
 1.5730549e-001
 1.5754168e-001
 1.5778904e-001
 1.5804203e-001
 1.5829471e-001
 1.5854086e-001
 1.5877452e-001
 1.5898994e-001
 1.5918188e-001
 1.5934598e-001
 1.5947872e-001
 1.5957786e-001
 1.5964241e-001
 1.5967290e-001
 1.5967119e-001
 1.5964037e-001
 1.5958439e-001
 1.5950757e-001
 1.5941419e-001
 1.5930782e-001
 1.5919109e-001
 1.5906532e-001
 1.5893072e-001
 1.5878658e-001
 1.5863191e-001
 1.5846634e-001
 1.5829103e-001
 1.5810958e-001
 1.5792890e-001
 1.5775944e-001
 1.5761505e-001
 1.5751213e-001
 1.5746807e-001
 1.5749922e-001
 1.5761858e-001
 1.5783331e-001
 1.5814281e-001
 1.5853760e-001
 1.5899903e-001
 1.5950067e-001
 1.6001020e-001
 1.6049287e-001
 1.6091523e-001
 1.6124859e-001
 1.6147256e-001
 1.6157684e-001
 1.6156237e-001
 1.6144067e-001
 1.6123211e-001
 1.6096304e-001
 1.6066268e-001
 1.6035983e-001
 1.6007991e-001
 1.5984312e-001
 1.5966323e-001
 1.5954728e-001
 1.5949644e-001
 1.5950702e-001
 1.5957205e-001
 1.5968275e-001
 1.5982990e-001
 1.6000468e-001
 1.6019952e-001
 1.6040818e-001
 1.6062582e-001
 1.6084892e-001
 1.6107474e-001
 1.6130136e-001
 1.6152707e-001
 1.6175033e-001
 1.6196969e-001
 1.6218357e-001
 1.6239035e-001
 1.6258834e-001
 1.6277583e-001
 1.6295120e-001
 1.6311289e-001
 1.6325951e-001
 1.6338983e-001
 1.6350286e-001
 1.6359790e-001
 1.6367444e-001
 1.6373239e-001
 1.6377197e-001
 1.6379382e-001
 1.6379899e-001
 1.6378899e-001
 1.6376577e-001
 1.6373172e-001
 1.6368961e-001
 1.6364260e-001
 1.6359411e-001
 1.6354787e-001
 1.6350770e-001
 1.6347735e-001
 1.6346025e-001
 1.6345945e-001
 1.6347709e-001
 1.6351444e-001
 1.6357145e-001
 1.6364679e-001
 1.6373779e-001
 1.6384037e-001
 1.6394900e-001
 1.6405679e-001
 1.6415595e-001
 1.6423842e-001
 1.6429672e-001
 1.6432494e-001
 1.6431996e-001
 1.6428231e-001
 1.6421658e-001
 1.6413140e-001
 1.6402420e-001
 1.6392015e-001
 1.6383913e-001
 1.6379631e-001
 1.6380367e-001
 1.6386773e-001
 1.6398831e-001
 1.6415907e-001
 1.6436946e-001
 1.6460657e-001
 1.6485681e-001
 1.6510667e-001
 1.6534369e-001
 1.6555747e-001
 1.6574065e-001
 1.6588968e-001
 1.6600506e-001
 1.6609091e-001
 1.6615412e-001
 1.6620320e-001
 1.6624752e-001
 1.6629647e-001
 1.6635892e-001
 1.6644235e-001
 1.6655178e-001
 1.6668884e-001
 1.6685142e-001
 1.6703388e-001
 1.6722821e-001
 1.6742483e-001
 1.6761351e-001
 1.6778414e-001
 1.6792715e-001
 1.6803452e-001
 1.6810066e-001
 1.6812332e-001
 1.6810395e-001
 1.6804726e-001
 1.6796049e-001
 1.6785230e-001
 1.6773200e-001
 1.6760899e-001
 1.6749224e-001
 1.6738963e-001
 1.6730718e-001
 1.6724850e-001
 1.6721433e-001
 1.6720299e-001
 1.6721095e-001
 1.6723356e-001
 1.6726568e-001
 1.6730212e-001
 1.6733792e-001
 1.6736887e-001
 1.6739194e-001
 1.6740565e-001
 1.6741037e-001
 1.6740805e-001
 1.6740184e-001
 1.6739555e-001
 1.6739336e-001
 1.6739944e-001
 1.6741768e-001
 1.6745135e-001
 1.6750270e-001
 1.6757250e-001
 1.6765992e-001
 1.6776279e-001
 1.6787775e-001
 1.6800089e-001
 1.6812801e-001
 1.6825478e-001
 1.6837701e-001
 1.6849074e-001
 1.6859245e-001
 1.6867922e-001
 1.6874878e-001
 1.6879945e-001
 1.6882999e-001
 1.6883947e-001
 1.6882704e-001
 1.6879208e-001
 1.6873409e-001
 1.6865309e-001
 1.6854970e-001
 1.6842555e-001
 1.6828330e-001
 1.6812652e-001
 1.6795951e-001
 1.6778700e-001
 1.6761382e-001
 1.6744496e-001
 1.6728529e-001
 1.6713957e-001
 1.6701229e-001
 1.6690755e-001
 1.6682909e-001
 1.6678028e-001
 1.6676421e-001
 1.6678382e-001
 1.6684185e-001
 1.6694081e-001
 1.6708258e-001
 1.6726783e-001
 1.6749512e-001
 1.6776037e-001
 1.6805635e-001
 1.6837318e-001
 1.6869883e-001
 1.6902012e-001
 1.6932347e-001
 1.6959538e-001
 1.6982335e-001
 1.6999686e-001
 1.7010880e-001
 1.7015673e-001
 1.7014335e-001
 1.7007592e-001
 1.6996519e-001
 1.6982393e-001
 1.6966575e-001
 1.6950452e-001
 1.6935353e-001
 1.6922475e-001
 1.6912800e-001
 1.6907001e-001
 1.6905425e-001
 1.6908118e-001
 1.6914900e-001
 1.6925457e-001
 1.6939415e-001
 1.6956364e-001
 1.6975874e-001
 1.6997500e-001
 1.7020756e-001
 1.7045122e-001
 1.7070019e-001
 1.7094825e-001
 1.7118895e-001
 1.7141558e-001
 1.7162138e-001
 1.7179984e-001
 1.7194486e-001
 1.7205141e-001
 1.7211613e-001
 1.7213796e-001
 1.7211840e-001
 1.7206126e-001
 1.7197201e-001
 1.7185719e-001
 1.7172381e-001
 1.7157906e-001
 1.7143019e-001
 1.7128435e-001
 1.7114861e-001
 1.7102991e-001
 1.7093492e-001
 1.7087023e-001
 1.7084226e-001
 1.7085735e-001
 1.7092170e-001
 1.7104110e-001
 1.7122051e-001
 1.7146306e-001
 1.7176901e-001
 1.7213447e-001
 1.7255133e-001
 1.7300726e-001
 1.7348704e-001
 1.7397386e-001
 1.7445000e-001
 1.7489818e-001
 1.7530225e-001
 1.7564897e-001
 1.7592996e-001
 1.7614323e-001
 1.7629409e-001
 1.7639427e-001
 1.7646031e-001
 1.7651159e-001
 1.7656864e-001
 1.7665179e-001
 1.7677967e-001
 1.7696704e-001
 1.7722231e-001
 1.7754501e-001
 1.7792518e-001
 1.7834398e-001
 1.7877616e-001
 1.7919281e-001
 1.7956331e-001
 1.7985734e-001
 1.8004709e-001
 1.8010995e-001
 1.8003219e-001
 1.7981221e-001
 1.7946178e-001
 1.7900464e-001
 1.7847359e-001
 1.7790650e-001
 1.7734376e-001
 1.7682542e-001
 1.7638978e-001
 1.7606947e-001
 1.7588840e-001
 1.7585869e-001
 1.7597896e-001
 1.7623599e-001
 1.7660780e-001
 1.7706689e-001
 1.7758359e-001
 1.7812786e-001
 1.7867051e-001
 1.7918585e-001
 1.7965344e-001
 1.8005969e-001
 1.8039937e-001
 1.8067427e-001
 1.8089154e-001
 1.8106139e-001
 1.8119560e-001
 1.8130633e-001
 1.8140508e-001
 1.8150209e-001
 1.8160512e-001
 1.8171857e-001
 1.8184331e-001
 1.8197684e-001
 1.8211423e-001
 1.8224910e-001
 1.8237443e-001
 1.8248309e-001
 1.8256818e-001
 1.8262368e-001
 1.8264490e-001
 1.8262900e-001
 1.8257523e-001
 1.8248461e-001
 1.8235965e-001
 1.8220362e-001
 1.8202019e-001
 1.8181325e-001
 1.8158698e-001
 1.8134569e-001
 1.8109411e-001
 1.8083775e-001
 1.8058257e-001
 1.8033510e-001
 1.8010251e-001
 1.7989199e-001
 1.7971082e-001
 1.7956625e-001
 1.7946488e-001
 1.7941223e-001
 1.7941205e-001
 1.7946562e-001
 1.7957148e-001
 1.7972572e-001
 1.7992255e-001
 1.8015519e-001
 1.8041635e-001
 1.8069845e-001
 1.8099424e-001
 1.8129686e-001
 1.8160021e-001
 1.8189903e-001
 1.8218936e-001
 1.8246825e-001
 1.8273331e-001
 1.8298279e-001
 1.8321514e-001
 1.8342876e-001
 1.8362233e-001
 1.8379456e-001
 1.8394440e-001
 1.8407099e-001
 1.8417381e-001
 1.8425259e-001
 1.8430723e-001
 1.8433779e-001
 1.8434435e-001
 1.8432704e-001
 1.8428595e-001
 1.8422124e-001
 1.8413307e-001
 1.8402158e-001
 1.8388695e-001
 1.8372932e-001
 1.8354899e-001
 1.8334614e-001
 1.8312106e-001
 1.8287452e-001
 1.8260787e-001
 1.8232404e-001
 1.8202871e-001
 1.8173094e-001
 1.8144369e-001
 1.8118340e-001
 1.8096928e-001
 1.8082184e-001
 1.8076208e-001
 1.8081054e-001
 1.8098560e-001
 1.8130133e-001
 1.8176423e-001
 1.8237099e-001
 1.8310741e-001
 1.8394871e-001
 1.8486334e-001
 1.8581522e-001
 1.8676656e-001
 1.8767901e-001
 1.8851691e-001
 1.8924920e-001
 1.8985212e-001
 1.9031303e-001
 1.9063097e-001
 1.9081542e-001
 1.9088389e-001
 1.9085848e-001
 1.9076346e-001
 1.9062363e-001
 1.9046286e-001
 1.9030282e-001
 1.9016142e-001
 1.9005129e-001
 1.8997923e-001
 1.8994692e-001
 1.8995212e-001
 1.8999033e-001
 1.9005585e-001
 1.9014253e-001
 1.9024408e-001
 1.9035412e-001
 1.9046614e-001
 1.9057356e-001
 1.9066972e-001
 1.9074777e-001
 1.9080089e-001
 1.9082218e-001
 1.9080490e-001
 1.9074275e-001
 1.9063047e-001
 1.9046505e-001
 1.9024724e-001
 1.8998273e-001
 1.8968272e-001
 1.8936363e-001
 1.8904538e-001
 1.8875000e-001
 1.8850058e-001
 1.8831953e-001
 1.8822730e-001
 1.8823999e-001
 1.8836628e-001
 1.8860482e-001
 1.8894337e-001
 1.8935938e-001
 1.8982321e-001
 1.9030090e-001
 1.9075632e-001
 1.9115393e-001
 1.9146055e-001
 1.9164822e-001
 1.9169840e-001
 1.9160493e-001
 1.9137534e-001
 1.9102980e-001
 1.9059750e-001
 1.9011299e-001
 1.8961363e-001
 1.8913674e-001
 1.8871795e-001
 1.8838920e-001
 1.8817525e-001
 1.8809174e-001
 1.8814404e-001
 1.8832821e-001
 1.8863346e-001
 1.8904503e-001
 1.8954580e-001
 1.9011809e-001
 1.9074404e-001
 1.9140510e-001
 1.9208305e-001
 1.9275947e-001
 1.9341521e-001
 1.9403143e-001
 1.9458899e-001
 1.9506885e-001
 1.9545184e-001
 1.9572012e-001
 1.9585791e-001
 1.9585401e-001
 1.9570494e-001
 1.9541751e-001
 1.9501020e-001
 1.9451170e-001
 1.9395834e-001
 1.9339083e-001
 1.9285212e-001
 1.9238433e-001
 1.9202672e-001
 1.9181214e-001
 1.9176221e-001
 1.9188362e-001
 1.9216640e-001
 1.9258565e-001
 1.9310553e-001
 1.9368331e-001
 1.9427367e-001
 1.9483115e-001
 1.9531293e-001
 1.9568188e-001
 1.9591139e-001
 1.9598848e-001
 1.9591545e-001
 1.9570845e-001
 1.9539368e-001
 1.9500364e-001
 1.9457334e-001
 1.9413820e-001
 1.9373190e-001
 1.9338426e-001
 1.9311780e-001
 1.9294553e-001
 1.9287004e-001
 1.9288421e-001
 1.9297400e-001
 1.9312109e-001
 1.9330528e-001
 1.9350617e-001
 1.9370420e-001
 1.9388258e-001
 1.9402899e-001
 1.9413713e-001
 1.9420734e-001
 1.9424617e-001
 1.9426453e-001
 1.9427602e-001
 1.9429538e-001
 1.9433731e-001
 1.9441532e-001
 1.9454017e-001
 1.9471802e-001
 1.9494878e-001
 1.9522519e-001
 1.9553396e-001
 1.9585709e-001
 1.9617373e-001
 1.9646209e-001
 1.9670075e-001
 1.9687009e-001
 1.9695505e-001
 1.9694792e-001
 1.9685096e-001
 1.9667754e-001
 1.9645101e-001
 1.9620204e-001
 1.9596575e-001
 1.9577888e-001
 1.9567761e-001
 1.9569501e-001
 1.9585697e-001
 1.9617765e-001
 1.9665481e-001
 1.9726866e-001
 1.9798319e-001
 1.9875079e-001
 1.9951625e-001
 2.0022205e-001
 2.0081113e-001
 2.0123039e-001
 2.0143683e-001
 2.0140350e-001
 2.0112555e-001
 2.0062260e-001
 1.9993609e-001
 1.9912423e-001
 1.9825441e-001
 1.9739830e-001
 1.9662753e-001
 1.9601028e-001
 1.9560488e-001
 1.9545422e-001
 1.9558007e-001
 1.9598053e-001
 1.9663273e-001
 1.9749764e-001
 1.9852734e-001
 1.9966938e-001
 2.0087048e-001
 2.0207775e-001
 2.0324275e-001
 2.0432326e-001
 2.0528473e-001
 2.0610283e-001
 2.0676157e-001
 2.0725080e-001
 2.0756471e-001
 2.0769940e-001
 2.0765251e-001
 2.0742410e-001
 2.0701849e-001
 2.0644690e-001
 2.0573051e-001
 2.0490068e-001
 2.0399819e-001
 2.0307152e-001
 2.0217253e-001
 2.0135467e-001
 2.0067100e-001
 2.0016989e-001
 1.9989106e-001
 1.9985938e-001
 2.0007962e-001
 2.0053419e-001
 2.0118557e-001
 2.0198096e-001
 2.0285924e-001
 2.0375553e-001
 2.0460428e-001
 2.0534444e-001
 2.0592342e-001
 2.0630346e-001
 2.0646654e-001
 2.0641705e-001
 2.0617926e-001
 2.0579232e-001
 2.0530406e-001
 2.0476612e-001
 2.0423098e-001
 2.0374794e-001
 2.0335969e-001
 2.0309785e-001
 2.0297831e-001
 2.0300008e-001
 2.0314676e-001
 2.0339057e-001
 2.0369714e-001
 2.0402916e-001
 2.0434879e-001
 2.0462058e-001
 2.0481409e-001
 2.0490733e-001
 2.0489006e-001
 2.0476480e-001
 2.0454571e-001
 2.0425582e-001
 2.0392326e-001
 2.0357855e-001
 2.0325278e-001
 2.0297529e-001
 2.0277163e-001
 2.0266087e-001
 2.0265284e-001
 2.0274729e-001
 2.0293497e-001
 2.0320049e-001
 2.0352487e-001
 2.0388772e-001
 2.0426822e-001
 2.0464675e-001
 2.0500575e-001
 2.0533058e-001
 2.0561105e-001
 2.0584165e-001
 2.0602109e-001
 2.0615166e-001
 2.0623787e-001
 2.0628521e-001
 2.0629954e-001
 2.0628682e-001
 2.0625284e-001
 2.0620331e-001
 2.0614611e-001
 2.0609765e-001
 2.0603488e-001
 2.0597702e-001
 2.0592766e-001
 2.0589054e-001
 2.0586932e-001
 2.0586771e-001
 2.0588940e-001
 2.0593809e-001
 2.0601746e-001
 2.0613071e-001
 2.0627582e-001
 2.0644817e-001
 2.0664299e-001
 2.0685565e-001
 2.0708129e-001
 2.0731524e-001
 2.0755275e-001
 2.0778923e-001
 2.0801981e-001
 2.0823976e-001
 2.0844446e-001
 2.0862913e-001
 2.0878904e-001
 2.0891996e-001
 2.0902222e-001
 2.0909856e-001
 2.0915180e-001
 2.0918468e-001
 2.0919997e-001
 2.0920047e-001
 2.0918895e-001
 2.0916821e-001
 2.0914099e-001
 2.0911010e-001
 2.0907830e-001
 2.0904836e-001
 2.0902307e-001
 2.0900522e-001
 2.0899759e-001
 2.0900291e-001
 2.0902403e-001
 2.0906335e-001
 2.0912062e-001
 2.0919402e-001
 2.0928183e-001
 2.0938224e-001
 2.0949350e-001
 2.0961383e-001
 2.0974144e-001
 2.0987456e-001
 2.1001141e-001
 2.1015024e-001
 2.1028930e-001
 2.1042675e-001
 2.1056086e-001
 2.1068981e-001
 2.1081193e-001
 2.1092531e-001
 2.1102826e-001
 2.1111898e-001
 2.1119575e-001
 2.1125668e-001
 2.1130012e-001
 2.1132445e-001
 2.1133026e-001
 2.1131919e-001
 2.1129285e-001
 2.1125285e-001
 2.1120086e-001
 2.1113843e-001
 2.1106726e-001
 2.1098895e-001
 2.1090515e-001
 2.1081743e-001
 2.1072751e-001
 2.1063694e-001
 2.1054736e-001
 2.1046041e-001
 2.1037774e-001
 2.1030094e-001
 2.1023165e-001
 2.1017151e-001
 2.1012212e-001
 2.1008511e-001
 2.1006216e-001
 2.1005484e-001
 2.1006481e-001
 2.1009368e-001
 2.1014309e-001
 2.1021439e-001
 2.1030714e-001
 2.1041982e-001
 2.1055092e-001
 2.1069904e-001
 2.1086264e-001
 2.1104027e-001
 2.1123046e-001
 2.1143170e-001
 2.1164252e-001
 2.1186152e-001
 2.1208711e-001
 2.1231784e-001
 2.1255226e-001
 2.1278897e-001
 2.1302634e-001
 2.1326299e-001
 2.1349739e-001
 2.1372811e-001
 2.1395366e-001
 2.1417251e-001
 2.1438323e-001
 2.1458437e-001
 2.1477446e-001
 2.1495190e-001
 2.1511535e-001
 2.1526326e-001
 2.1539420e-001
 2.1550666e-001
 2.1559915e-001
 2.1567044e-001
 2.1572095e-001
 2.1575183e-001
 2.1576436e-001
