s07_ASD Record=10365: Serpentine HS8.3B             BECKc AREF
 2.0710640e-001
 2.0798151e-001
 2.0892915e-001
 2.0994052e-001
 2.1099989e-001
 2.1208581e-001
 2.1317354e-001
 2.1423662e-001
 2.1525022e-001
 2.1619537e-001
 2.1706265e-001
 2.1785294e-001
 2.1857597e-001
 2.1924846e-001
 2.1989109e-001
 2.2052157e-001
 2.2114684e-001
 2.2176048e-001
 2.2234586e-001
 2.2288266e-001
 2.2335471e-001
 2.2375613e-001
 2.2409284e-001
 2.2437826e-001
 2.2462654e-001
 2.2484575e-001
 2.2503252e-001
 2.2517227e-001
 2.2524859e-001
 2.2525559e-001
 2.2520596e-001
 2.2512902e-001
 2.2506285e-001
 2.2505066e-001
 2.2513556e-001
 2.2534485e-001
 2.2568454e-001
 2.2614446e-001
 2.2670323e-001
 2.2733180e-001
 2.2799554e-001
 2.2865522e-001
 2.2927049e-001
 2.2980736e-001
 2.3024639e-001
 2.3058751e-001
 2.3084804e-001
 2.3105496e-001
 2.3123451e-001
 2.3140407e-001
 2.3156922e-001
 2.3172675e-001
 2.3187152e-001
 2.3200300e-001
 2.3212795e-001
 2.3225844e-001
 2.3240724e-001
 2.3258197e-001
 2.3278446e-001
 2.3301455e-001
 2.3326297e-001
 2.3351553e-001
 2.3376681e-001
 2.3401375e-001
 2.3425789e-001
 2.3451059e-001
 2.3478392e-001
 2.3508370e-001
 2.3541048e-001
 2.3576140e-001
 2.3613496e-001
 2.3653378e-001
 2.3696142e-001
 2.3741528e-001
 2.3788185e-001
 2.3833913e-001
 2.3876551e-001
 2.3915030e-001
 2.3949881e-001
 2.3982908e-001
 2.4016291e-001
 2.4051611e-001
 2.4089380e-001
 2.4129255e-001
 2.4170691e-001
 2.4213426e-001
 2.4257284e-001
 2.4301410e-001
 2.4343574e-001
 2.4380390e-001
 2.4408570e-001
 2.4426538e-001
 2.4435236e-001
 2.4437562e-001
 2.4437030e-001
 2.4436736e-001
 2.4439329e-001
 2.4447611e-001
 2.4464674e-001
 2.4492843e-001
 2.4531956e-001
 2.4578615e-001
 2.4627499e-001
 2.4674067e-001
 2.4717179e-001
 2.4759741e-001
 2.4805881e-001
 2.4856919e-001
 2.4909762e-001
 2.4959312e-001
 2.5002986e-001
 2.5043336e-001
 2.5086606e-001
 2.5138509e-001
 2.5200793e-001
 2.5271037e-001
 2.5345311e-001
 2.5421172e-001
 2.5498769e-001
 2.5579771e-001
 2.5665334e-001
 2.5754589e-001
 2.5844529e-001
 2.5931382e-001
 2.6012823e-001
 2.6089439e-001
 2.6164266e-001
 2.6240426e-001
 2.6318601e-001
 2.6396140e-001
 2.6468417e-001
 2.6531529e-001
 2.6584536e-001
 2.6629588e-001
 2.6669753e-001
 2.6706302e-001
 2.6737681e-001
 2.6761064e-001
 2.6775050e-001
 2.6781496e-001
 2.6785389e-001
 2.6793006e-001
 2.6809388e-001
 2.6836348e-001
 2.6872170e-001
 2.6913336e-001
 2.6957142e-001
 2.7003047e-001
 2.7051571e-001
 2.7101907e-001
 2.7150837e-001
 2.7194208e-001
 2.7229476e-001
 2.7256766e-001
 2.7277794e-001
 2.7294415e-001
 2.7308488e-001
 2.7322447e-001
 2.7338642e-001
 2.7357435e-001
 2.7376246e-001
 2.7391210e-001
 2.7400145e-001
 2.7404091e-001
 2.7405915e-001
 2.7407473e-001
 2.7408171e-001
 2.7406219e-001
 2.7400631e-001
 2.7391008e-001
 2.7375418e-001
 2.7350515e-001
 2.7316034e-001
 2.7278966e-001
 2.7250832e-001
 2.7239153e-001
 2.7241448e-001
 2.7247450e-001
 2.7246469e-001
 2.7232850e-001
 2.7206165e-001
 2.7168643e-001
 2.7124104e-001
 2.7079126e-001
 2.7043429e-001
 2.7026305e-001
 2.7030504e-001
 2.7048740e-001
 2.7067193e-001
 2.7074233e-001
 2.7067259e-001
 2.7051553e-001
 2.7032670e-001
 2.7010852e-001
 2.6983714e-001
 2.6953042e-001
 2.6926148e-001
 2.6909348e-001
 2.6900896e-001
 2.6891419e-001
 2.6871660e-001
 2.6839873e-001
 2.6802012e-001
 2.6766104e-001
 2.6737377e-001
 2.6717728e-001
 2.6706719e-001
 2.6700744e-001
 2.6691645e-001
 2.6670063e-001
 2.6633817e-001
 2.6592100e-001
 2.6558021e-001
 2.6537454e-001
 2.6527676e-001
 2.6524055e-001
 2.6522645e-001
 2.6517946e-001
 2.6505041e-001
 2.6485699e-001
 2.6468021e-001
 2.6457408e-001
 2.6449451e-001
 2.6434103e-001
 2.6407555e-001
 2.6377589e-001
 2.6354459e-001
 2.6338637e-001
 2.6321584e-001
 2.6296225e-001
 2.6261503e-001
 2.6219395e-001
 2.6174390e-001
 2.6134360e-001
 2.6104647e-001
 2.6081306e-001
 2.6055917e-001
 2.6026589e-001
 2.5998431e-001
 2.5974011e-001
 2.5948972e-001
 2.5917664e-001
 2.5879136e-001
 2.5836745e-001
 2.5794211e-001
 2.5753641e-001
 2.5716713e-001
 2.5684869e-001
 2.5655782e-001
 2.5621763e-001
 2.5577229e-001
 2.5527728e-001
 2.5486845e-001
 2.5462437e-001
 2.5447348e-001
 2.5426868e-001
 2.5393131e-001
 2.5347635e-001
 2.5294983e-001
 2.5239623e-001
 2.5185034e-001
 2.5135270e-001
 2.5098795e-001
 2.5082511e-001
 2.5078118e-001
 2.5064999e-001
 2.5031438e-001
 2.4985509e-001
 2.4941570e-001
 2.4902059e-001
 2.4858959e-001
 2.4810497e-001
 2.4765474e-001
 2.4727999e-001
 2.4691905e-001
 2.4655759e-001
 2.4626780e-001
 2.4604736e-001
 2.4578294e-001
 2.4542415e-001
 2.4506466e-001
 2.4480151e-001
 2.4458461e-001
 2.4428858e-001
 2.4389075e-001
 2.4349412e-001
 2.4320009e-001
 2.4299289e-001
 2.4276008e-001
 2.4241842e-001
 2.4197938e-001
 2.4149628e-001
 2.4101396e-001
 2.4058931e-001
 2.4029559e-001
 2.4015287e-001
 2.4006030e-001
 2.3983368e-001
 2.3936374e-001
 2.3875695e-001
 2.3825087e-001
 2.3795189e-001
 2.3773789e-001
 2.3744430e-001
 2.3704527e-001
 2.3662378e-001
 2.3625134e-001
 2.3593941e-001
 2.3567393e-001
 2.3545896e-001
 2.3529910e-001
 2.3514533e-001
 2.3491201e-001
 2.3457509e-001
 2.3421784e-001
 2.3394951e-001
 2.3378538e-001
 2.3362221e-001
 2.3332927e-001
 2.3289970e-001
 2.3251039e-001
 2.3234122e-001
 2.3234408e-001
 2.3227553e-001
 2.3194285e-001
 2.3137103e-001
 2.3075952e-001
 2.3030815e-001
 2.3008223e-001
 2.3001616e-001
 2.3000288e-001
 2.2996518e-001
 2.2987342e-001
 2.2973716e-001
 2.2959268e-001
 2.2947906e-001
 2.2940084e-001
 2.2930643e-001
 2.2911638e-001
 2.2879022e-001
 2.2837184e-001
 2.2796610e-001
 2.2766800e-001
 2.2750871e-001
 2.2745126e-001
 2.2741383e-001
 2.2729588e-001
 2.2701806e-001
 2.2657934e-001
 2.2608832e-001
 2.2571994e-001
 2.2560905e-001
 2.2574840e-001
 2.2592494e-001
 2.2586255e-001
 2.2556227e-001
 2.2530170e-001
 2.2521912e-001
 2.2507431e-001
 2.2471035e-001
 2.2442295e-001
 2.2451140e-001
 2.2478762e-001
 2.2485521e-001
 2.2461125e-001
 2.2428283e-001
 2.2414793e-001
 2.2427799e-001
 2.2448842e-001
 2.2455244e-001
 2.2442813e-001
 2.2425783e-001
 2.2420092e-001
 2.2425461e-001
 2.2425175e-001
 2.2410566e-001
 2.2395012e-001
 2.2390878e-001
 2.2388978e-001
 2.2377223e-001
 2.2363742e-001
 2.2366628e-001
 2.2390583e-001
 2.2420239e-001
 2.2432590e-001
 2.2418636e-001
 2.2392316e-001
 2.2373420e-001
 2.2368369e-001
 2.2372368e-001
 2.2382076e-001
 2.2401269e-001
 2.2434823e-001
 2.2476247e-001
 2.2506201e-001
 2.2512062e-001
 2.2502649e-001
 2.2491768e-001
 2.2484478e-001
 2.2476406e-001
 2.2467591e-001
 2.2470632e-001
 2.2493060e-001
 2.2529158e-001
 2.2569704e-001
 2.2606111e-001
 2.2630435e-001
 2.2637837e-001
 2.2632857e-001
 2.2629130e-001
 2.2639714e-001
 2.2667548e-001
 2.2705528e-001
 2.2744326e-001
 2.2777994e-001
 2.2804514e-001
 2.2824699e-001
 2.2843498e-001
 2.2869232e-001
 2.2907928e-001
 2.2956254e-001
 2.3001781e-001
 2.3032342e-001
 2.3046330e-001
 2.3052073e-001
 2.3059051e-001
 2.3072982e-001
 2.3095500e-001
 2.3125902e-001
 2.3155200e-001
 2.3187365e-001
 2.3209038e-001
 2.3214301e-001
 2.3208886e-001
 2.3203196e-001
 2.3207642e-001
 2.3230755e-001
 2.3268655e-001
 2.3312460e-001
 2.3353282e-001
 2.3383407e-001
 2.3402931e-001
 2.3415105e-001
 2.3423190e-001
 2.3430082e-001
 2.3436265e-001
 2.3441240e-001
 2.3444515e-001
 2.3445728e-001
 2.3445407e-001
 2.3444280e-001
 2.3443687e-001
 2.3444365e-001
 2.3446715e-001
 2.3450661e-001
 2.3456109e-001
 2.3462969e-001
 2.3471133e-001
 2.3480125e-001
 2.3489113e-001
 2.3497248e-001
 2.3503676e-001
 2.3507585e-001
 2.3508877e-001
 2.3508163e-001
 2.3506096e-001
 2.3503309e-001
 2.3500411e-001
 2.3496920e-001
 2.3491320e-001
 2.3482044e-001
 2.3467524e-001
 2.3446205e-001
 2.3417388e-001
 2.3383829e-001
 2.3349087e-001
 2.3316744e-001
 2.3290358e-001
 2.3273513e-001
 2.3268354e-001
 2.3271607e-001
 2.3278683e-001
 2.3284990e-001
 2.3285942e-001
 2.3276947e-001
 2.3253420e-001
 2.3212674e-001
 2.3159303e-001
 2.3099607e-001
 2.3039921e-001
 2.2986545e-001
 2.2945805e-001
 2.2924015e-001
 2.2927491e-001
 2.2960193e-001
 2.3017216e-001
 2.3091567e-001
 2.3176230e-001
 2.3264229e-001
 2.3348548e-001
 2.3422195e-001
 2.3478180e-001
 2.3511207e-001
 2.3522377e-001
 2.3514265e-001
 2.3489457e-001
 2.3450543e-001
 2.3400091e-001
 2.3340701e-001
 2.3274937e-001
 2.3205189e-001
 2.3133047e-001
 2.3059949e-001
 2.2987315e-001
 2.2916564e-001
 2.2849137e-001
 2.2786441e-001
 2.2729918e-001
 2.2680987e-001
 2.2641079e-001
 2.2611609e-001
 2.2594014e-001
 2.2589050e-001
 2.2595060e-001
 2.2609842e-001
 2.2631189e-001
 2.2656904e-001
 2.2684780e-001
 2.2712612e-001
 2.2738205e-001
 2.2759345e-001
 2.2773835e-001
 2.2779471e-001
 2.2774048e-001
 2.2756188e-001
 2.2727419e-001
 2.2689942e-001
 2.2645940e-001
 2.2597611e-001
 2.2547136e-001
 2.2496717e-001
 2.2448535e-001
 2.2404788e-001
 2.2367667e-001
 2.2339350e-001
 2.2321229e-001
 2.2311829e-001
 2.2309048e-001
 2.2310792e-001
 2.2314961e-001
 2.2319457e-001
 2.2322179e-001
 2.2321033e-001
 2.2313920e-001
 2.2298738e-001
 2.2274224e-001
 2.2241980e-001
 2.2204222e-001
 2.2163187e-001
 2.2121087e-001
 2.2080164e-001
 2.2042623e-001
 2.2010708e-001
 2.1986629e-001
 2.1972622e-001
 2.1970111e-001
 2.1977814e-001
 2.1993873e-001
 2.2016412e-001
 2.2043578e-001
 2.2073503e-001
 2.2104323e-001
 2.2134180e-001
 2.2161202e-001
 2.2183537e-001
 2.2199808e-001
 2.2210339e-001
 2.2215803e-001
 2.2216874e-001
 2.2214222e-001
 2.2208519e-001
 2.2200443e-001
 2.2190662e-001
 2.2179848e-001
 2.2168502e-001
 2.2156517e-001
 2.2143684e-001
 2.2129780e-001
 2.2114582e-001
 2.2097872e-001
 2.2079435e-001
 2.2059044e-001
 2.2036931e-001
 2.2014783e-001
 2.1994601e-001
 2.1978378e-001
 2.1968108e-001
 2.1965787e-001
 2.1973412e-001
 2.1992971e-001
 2.2025362e-001
 2.2067839e-001
 2.2116950e-001
 2.2169216e-001
 2.2221178e-001
 2.2269364e-001
 2.2310314e-001
 2.2340553e-001
 2.2357878e-001
 2.2364122e-001
 2.2361948e-001
 2.2354212e-001
 2.2343609e-001
 2.2333166e-001
 2.2324713e-001
 2.2318882e-001
 2.2315198e-001
 2.2312477e-001
 2.2309202e-001
 2.2303843e-001
 2.2295250e-001
 2.2283292e-001
 2.2269224e-001
 2.2255293e-001
 2.2244111e-001
 2.2238141e-001
 2.2239096e-001
 2.2247256e-001
 2.2261253e-001
 2.2278483e-001
 2.2295794e-001
 2.2310115e-001
 2.2319151e-001
 2.2322029e-001
 2.2319536e-001
 2.2313744e-001
 2.2307299e-001
 2.2302680e-001
 2.2301392e-001
 2.2303286e-001
 2.2306331e-001
 2.2307052e-001
 2.2301379e-001
 2.2285743e-001
 2.2258310e-001
 2.2220035e-001
 2.2174960e-001
 2.2129574e-001
 2.2091442e-001
 2.2067478e-001
 2.2062097e-001
 2.2135410e-001
 2.2137803e-001
 2.2142282e-001
 2.2147121e-001
 2.2150654e-001
 2.2151586e-001
 2.2149225e-001
 2.2143571e-001
 2.2135332e-001
 2.2125772e-001
 2.2116442e-001
 2.2108844e-001
 2.2104114e-001
 2.2102800e-001
 2.2104831e-001
 2.2109644e-001
 2.2116366e-001
 2.2124013e-001
 2.2131641e-001
 2.2138454e-001
 2.2143842e-001
 2.2147383e-001
 2.2148827e-001
 2.2148079e-001
 2.2145176e-001
 2.2140303e-001
 2.2133806e-001
 2.2126196e-001
 2.2118112e-001
 2.2110239e-001
 2.2103162e-001
 2.2097231e-001
 2.2092447e-001
 2.2088404e-001
 2.2084339e-001
 2.2079252e-001
 2.2072092e-001
 2.2061995e-001
 2.2048476e-001
 2.2031568e-001
 2.2011819e-001
 2.1990211e-001
 2.1967970e-001
 2.1946327e-001
 2.1926339e-001
 2.1908711e-001
 2.1893759e-001
 2.1881409e-001
 2.1871281e-001
 2.1862800e-001
 2.1855299e-001
 2.1848124e-001
 2.1840690e-001
 2.1832527e-001
 2.1823326e-001
 2.1812946e-001
 2.1801457e-001
 2.1789131e-001
 2.1776408e-001
 2.1763849e-001
 2.1752024e-001
 2.1741408e-001
 2.1732272e-001
 2.1724622e-001
 2.1718213e-001
 2.1712607e-001
 2.1707316e-001
 2.1701932e-001
 2.1696256e-001
 2.1690339e-001
 2.1684447e-001
 2.1678953e-001
 2.1674176e-001
 2.1670227e-001
 2.1666913e-001
 2.1663725e-001
 2.1659924e-001
 2.1654695e-001
 2.1647350e-001
 2.1637493e-001
 2.1625146e-001
 2.1610761e-001
 2.1595164e-001
 2.1579407e-001
 2.1564589e-001
 2.1551676e-001
 2.1541342e-001
 2.1533892e-001
 2.1529247e-001
 2.1526992e-001
 2.1526493e-001
 2.1527015e-001
 2.1527863e-001
 2.1528485e-001
 2.1528527e-001
 2.1527839e-001
 2.1526444e-001
 2.1524474e-001
 2.1522109e-001
 2.1519522e-001
 2.1516855e-001
 2.1514224e-001
 2.1511726e-001
 2.1509461e-001
 2.1507515e-001
 2.1505947e-001
 2.1504742e-001
 2.1503775e-001
 2.1502796e-001
 2.1501458e-001
 2.1499377e-001
 2.1496242e-001
 2.1491902e-001
 2.1486454e-001
 2.1480256e-001
 2.1473886e-001
 2.1468030e-001
 2.1463348e-001
 2.1460357e-001
 2.1459340e-001
 2.1460329e-001
 2.1463151e-001
 2.1467526e-001
 2.1473150e-001
 2.1479771e-001
 2.1487202e-001
 2.1495292e-001
 2.1503851e-001
 2.1512575e-001
 2.1521020e-001
 2.1528603e-001
 2.1534701e-001
 2.1538769e-001
 2.1540478e-001
 2.1539830e-001
 2.1537213e-001
 2.1533372e-001
 2.1529317e-001
 2.1526165e-001
 2.1524969e-001
 2.1526541e-001
 2.1531337e-001
 2.1539393e-001
 2.1550325e-001
 2.1563406e-001
 2.1577691e-001
 2.1592155e-001
 2.1605854e-001
 2.1618040e-001
 2.1628252e-001
 2.1636339e-001
 2.1642439e-001
 2.1646897e-001
 2.1650164e-001
 2.1652666e-001
 2.1654713e-001
 2.1656413e-001
 2.1657649e-001
 2.1658106e-001
 2.1657342e-001
 2.1654905e-001
 2.1650448e-001
 2.1643841e-001
 2.1635227e-001
 2.1625040e-001
 2.1613948e-001
 2.1602763e-001
 2.1592331e-001
 2.1583413e-001
 2.1576628e-001
 2.1572432e-001
 2.1571147e-001
 2.1573016e-001
 2.1578269e-001
 2.1587148e-001
 2.1599916e-001
 2.1616778e-001
 2.1637811e-001
 2.1662861e-001
 2.1691468e-001
 2.1722852e-001
 2.1755919e-001
 2.1789370e-001
 2.1821833e-001
 2.1851978e-001
 2.1878682e-001
 2.1901099e-001
 2.1918732e-001
 2.1931437e-001
 2.1939379e-001
 2.1942972e-001
 2.1942808e-001
 2.1939586e-001
 2.1934056e-001
 2.1927005e-001
 2.1919237e-001
 2.1911590e-001
 2.1904932e-001
 2.1900143e-001
 2.1898071e-001
 2.1899465e-001
 2.1904877e-001
 2.1914591e-001
 2.1928555e-001
 2.1946374e-001
 2.1967341e-001
 2.1990530e-001
 2.2014889e-001
 2.2039369e-001
 2.2062992e-001
 2.2084910e-001
 2.2104439e-001
 2.2121033e-001
 2.2134288e-001
 2.2143961e-001
 2.2149992e-001
 2.2152551e-001
 2.2152086e-001
 2.2149326e-001
 2.2145243e-001
 2.2140940e-001
 2.2137508e-001
 2.2135869e-001
 2.2136633e-001
 2.2140038e-001
 2.2145955e-001
 2.2153980e-001
 2.2163565e-001
 2.2174174e-001
 2.2185387e-001
 2.2196952e-001
 2.2208774e-001
 2.2220849e-001
 2.2233185e-001
 2.2245748e-001
 2.2258444e-001
 2.2271149e-001
 2.2283775e-001
 2.2296330e-001
 2.2308956e-001
 2.2321908e-001
 2.2335489e-001
 2.2349952e-001
 2.2365400e-001
 2.2381732e-001
 2.2398618e-001
 2.2415568e-001
 2.2432028e-001
 2.2447477e-001
 2.2461537e-001
 2.2474000e-001
 2.2484832e-001
 2.2494122e-001
 2.2502008e-001
 2.2508620e-001
 2.2514036e-001
 2.2518298e-001
 2.2521444e-001
 2.2523564e-001
 2.2524849e-001
 2.2525607e-001
 2.2526248e-001
 2.2527228e-001
 2.2528975e-001
 2.2531800e-001
 2.2535847e-001
 2.2541046e-001
 2.2547142e-001
 2.2553730e-001
 2.2560345e-001
 2.2566566e-001
 2.2572096e-001
 2.2576839e-001
 2.2580925e-001
 2.2584701e-001
 2.2588672e-001
 2.2593412e-001
 2.2599465e-001
 2.2607249e-001
 2.2616984e-001
 2.2628680e-001
 2.2642127e-001
 2.2656971e-001
 2.2672772e-001
 2.2689089e-001
 2.2705556e-001
 2.2721919e-001
 2.2738068e-001
 2.2754009e-001
 2.2769849e-001
 2.2785747e-001
 2.2801858e-001
 2.2818299e-001
 2.2835129e-001
 2.2852327e-001
 2.2869807e-001
 2.2887430e-001
 2.2905011e-001
 2.2922368e-001
 2.2939296e-001
 2.2955595e-001
 2.2971059e-001
 2.2985487e-001
 2.2998695e-001
 2.3010541e-001
 2.3020969e-001
 2.3030037e-001
 2.3037949e-001
 2.3045066e-001
 2.3051858e-001
 2.3058860e-001
 2.3066567e-001
 2.3075356e-001
 2.3085411e-001
 2.3096685e-001
 2.3108910e-001
 2.3121658e-001
 2.3134409e-001
 2.3146646e-001
 2.3157918e-001
 2.3167875e-001
 2.3176281e-001
 2.3182985e-001
 2.3187912e-001
 2.3191044e-001
 2.3192440e-001
 2.3192261e-001
 2.3190811e-001
 2.3188557e-001
 2.3186120e-001
 2.3184225e-001
 2.3183602e-001
 2.3184882e-001
 2.3188487e-001
 2.3194554e-001
 2.3202915e-001
 2.3213133e-001
 2.3224564e-001
 2.3236476e-001
 2.3248141e-001
 2.3258911e-001
 2.3268257e-001
 2.3275767e-001
 2.3281115e-001
 2.3284024e-001
 2.3284228e-001
 2.3281465e-001
 2.3275493e-001
 2.3266144e-001
 2.3253383e-001
 2.3237377e-001
 2.3218538e-001
 2.3197517e-001
 2.3175165e-001
 2.3152414e-001
 2.3130161e-001
 2.3109099e-001
 2.3089628e-001
 2.3071791e-001
 2.3055305e-001
 2.3039672e-001
 2.3024337e-001
 2.3008847e-001
 2.2992960e-001
 2.2976635e-001
 2.2959930e-001
 2.2942743e-001
 2.2924495e-001
 2.2903831e-001
 2.2878370e-001
 2.2844638e-001
 2.2798225e-001
 2.2734135e-001
 2.2647418e-001
 2.2533837e-001
 2.2390686e-001
 2.2217424e-001
 2.2016013e-001
 2.1791147e-001
 2.1549749e-001
 2.1300489e-001
 2.1052757e-001
 2.0815541e-001
 2.0596664e-001
 2.0401849e-001
 2.0234556e-001
 2.0095937e-001
 1.9985181e-001
 1.9900237e-001
 1.9838446e-001
 1.9797176e-001
 1.9774348e-001
 1.9768664e-001
 1.9779691e-001
 1.9807719e-001
 1.9853550e-001
 1.9918178e-001
 2.0002529e-001
 2.0107137e-001
 2.0231922e-001
 2.0376088e-001
 2.0537910e-001
 2.0714878e-001
 2.0903659e-001
 2.1100330e-001
 2.1300730e-001
 2.1500604e-001
 2.1696106e-001
 2.1883911e-001
 2.2061473e-001
 2.2227150e-001
 2.2380023e-001
 2.2519910e-001
 2.2647044e-001
 2.2761922e-001
 2.2865173e-001
 2.2957368e-001
 2.3039012e-001
 2.3110610e-001
 2.3172659e-001
 2.3225802e-001
 2.3270835e-001
 2.3308761e-001
 2.3340760e-001
 2.3368087e-001
 2.3391971e-001
 2.3413473e-001
 2.3433390e-001
 2.3452212e-001
 2.3470122e-001
 2.3487100e-001
 2.3503053e-001
 2.3517954e-001
 2.3531969e-001
 2.3545487e-001
 2.3559105e-001
 2.3573512e-001
 2.3589340e-001
 2.3607036e-001
 2.3626757e-001
 2.3648337e-001
 2.3671363e-001
 2.3695269e-001
 2.3719491e-001
 2.3743568e-001
 2.3767218e-001
 2.3790354e-001
 2.3813012e-001
 2.3835300e-001
 2.3857285e-001
 2.3878950e-001
 2.3900180e-001
 2.3920751e-001
 2.3940402e-001
 2.3958853e-001
 2.3975848e-001
 2.3991182e-001
 2.4004698e-001
 2.4016285e-001
 2.4025895e-001
 2.4033552e-001
 2.4039398e-001
 2.4043711e-001
 2.4046920e-001
 2.4049598e-001
 2.4052401e-001
 2.4055986e-001
 2.4060915e-001
 2.4067555e-001
 2.4076031e-001
 2.4086201e-001
 2.4097699e-001
 2.4110006e-001
 2.4122545e-001
 2.4134776e-001
 2.4146253e-001
 2.4156660e-001
 2.4165803e-001
 2.4173574e-001
 2.4179910e-001
 2.4184744e-001
 2.4187991e-001
 2.4189536e-001
 2.4189271e-001
 2.4187130e-001
 2.4183135e-001
 2.4177444e-001
 2.4170375e-001
 2.4162398e-001
 2.4154109e-001
 2.4146166e-001
 2.4139221e-001
 2.4133831e-001
 2.4130389e-001
 2.4129076e-001
 2.4129850e-001
 2.4132456e-001
 2.4136493e-001
 2.4141489e-001
 2.4146989e-001
 2.4152637e-001
 2.4158238e-001
 2.4163789e-001
 2.4169455e-001
 2.4175532e-001
 2.4182349e-001
 2.4190177e-001
 2.4199137e-001
 2.4209131e-001
 2.4219814e-001
 2.4230617e-001
 2.4240820e-001
 2.4249661e-001
 2.4256440e-001
 2.4260637e-001
 2.4261992e-001
 2.4260548e-001
 2.4256647e-001
 2.4250872e-001
 2.4243946e-001
 2.4236581e-001
 2.4229380e-001
 2.4222763e-001
 2.4216944e-001
 2.4211963e-001
 2.4207707e-001
 2.4203975e-001
 2.4200572e-001
 2.4197416e-001
 2.4194643e-001
 2.4192664e-001
 2.4192156e-001
 2.4193974e-001
 2.4198988e-001
 2.4207874e-001
 2.4220918e-001
 2.4237923e-001
 2.4258208e-001
 2.4280657e-001
 2.4303845e-001
 2.4326196e-001
 2.4346107e-001
 2.4362117e-001
 2.4373086e-001
 2.4378325e-001
 2.4377708e-001
 2.4371715e-001
 2.4361396e-001
 2.4348260e-001
 2.4334116e-001
 2.4320842e-001
 2.4310173e-001
 2.4303481e-001
 2.4301614e-001
 2.4304850e-001
 2.4312919e-001
 2.4325077e-001
 2.4340221e-001
 2.4357031e-001
 2.4374060e-001
 2.4389862e-001
 2.4403115e-001
 2.4412771e-001
 2.4418178e-001
 2.4419166e-001
 2.4416083e-001
 2.4409740e-001
 2.4401297e-001
 2.4392077e-001
 2.4383357e-001
 2.4376145e-001
 2.4371007e-001
 2.4368022e-001
 2.4366829e-001
 2.4366760e-001
 2.4367009e-001
 2.4366799e-001
 2.4365504e-001
 2.4362744e-001
 2.4358408e-001
 2.4352653e-001
 2.4345849e-001
 2.4338508e-001
 2.4331181e-001
 2.4324386e-001
 2.4318539e-001
 2.4313916e-001
 2.4310665e-001
 2.4308826e-001
 2.4308380e-001
 2.4309294e-001
 2.4311557e-001
 2.4315202e-001
 2.4320298e-001
 2.4326929e-001
 2.4335136e-001
 2.4344869e-001
 2.4355932e-001
 2.4367940e-001
 2.4380322e-001
 2.4392323e-001
 2.4403076e-001
 2.4411669e-001
 2.4417251e-001
 2.4419123e-001
 2.4416827e-001
 2.4410196e-001
 2.4399395e-001
 2.4384910e-001
 2.4367510e-001
 2.4348202e-001
 2.4328154e-001
 2.4308629e-001
 2.4290891e-001
 2.4276121e-001
 2.4265346e-001
 2.4259336e-001
 2.4258542e-001
 2.4263035e-001
 2.4272475e-001
 2.4286129e-001
 2.4302910e-001
 2.4321502e-001
 2.4340470e-001
 2.4358426e-001
 2.4374165e-001
 2.4386795e-001
 2.4395813e-001
 2.4401124e-001
 2.4403007e-001
 2.4402051e-001
 2.4399035e-001
 2.4394819e-001
 2.4390233e-001
 2.4385978e-001
 2.4382576e-001
 2.4380319e-001
 2.4379262e-001
 2.4379240e-001
 2.4379881e-001
 2.4380660e-001
 2.4380943e-001
 2.4380060e-001
 2.4377373e-001
 2.4372365e-001
 2.4364707e-001
 2.4354334e-001
 2.4341473e-001
 2.4326648e-001
 2.4310645e-001
 2.4294434e-001
 2.4279055e-001
 2.4265480e-001
 2.4254492e-001
 2.4246576e-001
 2.4241851e-001
 2.4240093e-001
 2.4240802e-001
 2.4243315e-001
 2.4246907e-001
 2.4250925e-001
 2.4254844e-001
 2.4258339e-001
 2.4261287e-001
 2.4263749e-001
 2.4265930e-001
 2.4268076e-001
 2.4270374e-001
 2.4272838e-001
 2.4275228e-001
 2.4277028e-001
 2.4277471e-001
 2.4275659e-001
 2.4270730e-001
 2.4262071e-001
 2.4249516e-001
 2.4233513e-001
 2.4215169e-001
 2.4196154e-001
 2.4178520e-001
 2.4164431e-001
 2.4155883e-001
 2.4154431e-001
 2.4160968e-001
 2.4175623e-001
 2.4197744e-001
 2.4225925e-001
 2.4258164e-001
 2.4292114e-001
 2.4325342e-001
 2.4355619e-001
 2.4381180e-001
 2.4400885e-001
 2.4414329e-001
 2.4421796e-001
 2.4424154e-001
 2.4422672e-001
 2.4418810e-001
 2.4413991e-001
 2.4409430e-001
 2.4405992e-001
 2.4404125e-001
 2.4403855e-001
 2.4404842e-001
 2.4406460e-001
 2.4407922e-001
 2.4408385e-001
 2.4407059e-001
 2.4403283e-001
 2.4396576e-001
 2.4386668e-001
 2.4373497e-001
 2.4357216e-001
 2.4338171e-001
 2.4316894e-001
 2.4294090e-001
 2.4270609e-001
 2.4247426e-001
 2.4225593e-001
 2.4206167e-001
 2.4190147e-001
 2.4178366e-001
 2.4171424e-001
 2.4169594e-001
 2.4172793e-001
 2.4180566e-001
 2.4192132e-001
 2.4206465e-001
 2.4222404e-001
 2.4238794e-001
 2.4254610e-001
 2.4269076e-001
 2.4281730e-001
 2.4292450e-001
 2.4301425e-001
 2.4309064e-001
 2.4315892e-001
 2.4322386e-001
 2.4328852e-001
 2.4335301e-001
 2.4341378e-001
 2.4346347e-001
 2.4349150e-001
 2.4348523e-001
 2.4343161e-001
 2.4331926e-001
 2.4314037e-001
 2.4289235e-001
 2.4257907e-001
 2.4221092e-001
 2.4180439e-001
 2.4138063e-001
 2.4096315e-001
 2.4057572e-001
 2.4023959e-001
 2.3997173e-001
 2.3978308e-001
 2.3967786e-001
 2.3965371e-001
 2.3970233e-001
 2.3981081e-001
 2.3996313e-001
 2.4014176e-001
 2.4032892e-001
 2.4050780e-001
 2.4066335e-001
 2.4078278e-001
 2.4085608e-001
 2.4087620e-001
 2.4083941e-001
 2.4074559e-001
 2.4059843e-001
 2.4040526e-001
 2.4017709e-001
 2.3992795e-001
 2.3967381e-001
 2.3943149e-001
 2.3921674e-001
 2.3904286e-001
 2.3891917e-001
 2.3884971e-001
 2.3883320e-001
 2.3886363e-001
 2.3893145e-001
 2.3902492e-001
 2.3913144e-001
 2.3923871e-001
 2.3933576e-001
 2.3941332e-001
 2.3946412e-001
 2.3948319e-001
 2.3946811e-001
 2.3941880e-001
 2.3933735e-001
 2.3922752e-001
 2.3909414e-001
 2.3894285e-001
 2.3877952e-001
 2.3861000e-001
 2.3844011e-001
 2.3826018e-001
 2.3810035e-001
 2.3795666e-001
 2.3783341e-001
 2.3773357e-001
 2.3765776e-001
 2.3760380e-001
 2.3756704e-001
 2.3754105e-001
 2.3751849e-001
 2.3749179e-001
 2.3745362e-001
 2.3739754e-001
 2.3731872e-001
 2.3721500e-001
 2.3708743e-001
 2.3694047e-001
 2.3678185e-001
 2.3662157e-001
 2.3647112e-001
 2.3634264e-001
 2.3624812e-001
 2.3619871e-001
 2.3620336e-001
 2.3626739e-001
 2.3639102e-001
 2.3656881e-001
 2.3679009e-001
 2.3704059e-001
 2.3730372e-001
 2.3756197e-001
 2.3779795e-001
 2.3799522e-001
 2.3813976e-001
 2.3822141e-001
 2.3823532e-001
 2.3818250e-001
 2.3806916e-001
 2.3790549e-001
 2.3770390e-001
 2.3747799e-001
 2.3724145e-001
 2.3700751e-001
 2.3678812e-001
 2.3659289e-001
 2.3642845e-001
 2.3629797e-001
 2.3620155e-001
 2.3613708e-001
 2.3610102e-001
 2.3608920e-001
 2.3609717e-001
 2.3612039e-001
 2.3615427e-001
 2.3619425e-001
 2.3623571e-001
 2.3627400e-001
 2.3630451e-001
 2.3632254e-001
 2.3632346e-001
 2.3630263e-001
 2.3625553e-001
 2.3617789e-001
 2.3606598e-001
 2.3591690e-001
 2.3572899e-001
 2.3550192e-001
 2.3523642e-001
 2.3493430e-001
 2.3459767e-001
 2.3422915e-001
 2.3383151e-001
 2.3340778e-001
 2.3296180e-001
 2.3249830e-001
 2.3202357e-001
 2.3154546e-001
 2.3107314e-001
 2.3061700e-001
 2.3018785e-001
 2.2979675e-001
 2.2945443e-001
 2.2917025e-001
 2.2895116e-001
 2.2879979e-001
 2.2871307e-001
 2.2868153e-001
 2.2868998e-001
 2.2871897e-001
 2.2874653e-001
 2.2874975e-001
 2.2870587e-001
 2.2859371e-001
 2.2839572e-001
 2.2810030e-001
 2.2770390e-001
 2.2721213e-001
 2.2663847e-001
 2.2600254e-001
 2.2532761e-001
 2.2463822e-001
 2.2395937e-001
 2.2331445e-001
 2.2272415e-001
 2.2220416e-001
 2.2176310e-001
 2.2140233e-001
 2.2111614e-001
 2.2089399e-001
 2.2072230e-001
 2.2058603e-001
 2.2047006e-001
 2.2035995e-001
 2.2024323e-001
 2.2011065e-001
 2.1995737e-001
 2.1978344e-001
 2.1959341e-001
 2.1939492e-001
 2.1919772e-001
 2.1901226e-001
 2.1884918e-001
 2.1871838e-001
 2.1862805e-001
 2.1858370e-001
 2.1858701e-001
 2.1863554e-001
 2.1872304e-001
 2.1884051e-001
 2.1897726e-001
 2.1912192e-001
 2.1926297e-001
 2.1938938e-001
 2.1949135e-001
 2.1956104e-001
 2.1959336e-001
 2.1958622e-001
 2.1954028e-001
 2.1945816e-001
 2.1934375e-001
 2.1920149e-001
 2.1903594e-001
 2.1885164e-001
 2.1865270e-001
 2.1844269e-001
 2.1822439e-001
 2.1799958e-001
 2.1776932e-001
 2.1753401e-001
 2.1729369e-001
 2.1704836e-001
 2.1679792e-001
 2.1654265e-001
 2.1628331e-001
 2.1602169e-001
 2.1576092e-001
 2.1550548e-001
 2.1526127e-001
 2.1503505e-001
 2.1483421e-001
 2.1466631e-001
 2.1453860e-001
 2.1445753e-001
 2.1442774e-001
 2.1445085e-001
 2.1452439e-001
 2.1464138e-001
 2.1479076e-001
 2.1495841e-001
 2.1512856e-001
 2.1528459e-001
 2.1541017e-001
 2.1549012e-001
 2.1551201e-001
 2.1546789e-001
 2.1535601e-001
 2.1518137e-001
 2.1495517e-001
 2.1469316e-001
 2.1441366e-001
 2.1413630e-001
 2.1388067e-001
 2.1366535e-001
 2.1350649e-001
 2.1341607e-001
 2.1340048e-001
 2.1345992e-001
 2.1358895e-001
 2.1377796e-001
 2.1401499e-001
 2.1428682e-001
 2.1458003e-001
 2.1488176e-001
 2.1518037e-001
 2.1546653e-001
 2.1573383e-001
 2.1597920e-001
 2.1620272e-001
 2.1640652e-001
 2.1659422e-001
 2.1676989e-001
 2.1693787e-001
 2.1710201e-001
 2.1726550e-001
 2.1743026e-001
 2.1759622e-001
 2.1776147e-001
 2.1792224e-001
 2.1807347e-001
 2.1820924e-001
 2.1832342e-001
 2.1841012e-001
 2.1846411e-001
 2.1848202e-001
 2.1846335e-001
 2.1841156e-001
 2.1833451e-001
 2.1824394e-001
 2.1815453e-001
 2.1808270e-001
 2.1804541e-001
 2.1805939e-001
 2.1813972e-001
 2.1829811e-001
 2.1854056e-001
 2.1886522e-001
 2.1926175e-001
 2.1971215e-001
 2.2019237e-001
 2.2067536e-001
 2.2113255e-001
 2.2153574e-001
 2.2185867e-001
 2.2208017e-001
 2.2218709e-001
 2.2217725e-001
 2.2206074e-001
 2.2185858e-001
 2.2160001e-001
 2.2131899e-001
 2.2105148e-001
 2.2083332e-001
 2.2069803e-001
 2.2067344e-001
 2.2077817e-001
 2.2101812e-001
 2.2138524e-001
 2.2185895e-001
 2.2240904e-001
 2.2300005e-001
 2.2359417e-001
 2.2415300e-001
 2.2464064e-001
 2.2502589e-001
 2.2528578e-001
 2.2540832e-001
 2.2539394e-001
 2.2525416e-001
 2.2500877e-001
 2.2468238e-001
 2.2430174e-001
 2.2389434e-001
 2.2348639e-001
 2.2310153e-001
 2.2275878e-001
 2.2247133e-001
 2.2224526e-001
 2.2208060e-001
 2.2197294e-001
 2.2191504e-001
 2.2189832e-001
 2.2191365e-001
 2.2195163e-001
 2.2200261e-001
 2.2205666e-001
 2.2210333e-001
 2.2213177e-001
 2.2213072e-001
 2.2208855e-001
 2.2199352e-001
 2.2183396e-001
 2.2159880e-001
 2.2127827e-001
 2.2086532e-001
 2.2035792e-001
 2.1976016e-001
 2.1908320e-001
 2.1834445e-001
 2.1756649e-001
 2.1677423e-001
 2.1599367e-001
 2.1525136e-001
 2.1457186e-001
 2.1397677e-001
 2.1348277e-001
 2.1309902e-001
 2.1282697e-001
 2.1266089e-001
 2.1258996e-001
 2.1260005e-001
 2.1267571e-001
 2.1280107e-001
 2.1296100e-001
 2.1314202e-001
 2.1333326e-001
 2.1352784e-001
 2.1372303e-001
 2.1391982e-001
 2.1412204e-001
 2.1433520e-001
 2.1456552e-001
 2.1481900e-001
 2.1510081e-001
 2.1541409e-001
 2.1575822e-001
 2.1612795e-001
 2.1651278e-001
 2.1689716e-001
 2.1726224e-001
 2.1758702e-001
 2.1784985e-001
 2.1802931e-001
 2.1810615e-001
 2.1806547e-001
 2.1789962e-001
 2.1761088e-001
 2.1721235e-001
 2.1672730e-001
 2.1618600e-001
 2.1562301e-001
 2.1507505e-001
 2.1457827e-001
 2.1416663e-001
 2.1386874e-001
 2.1370454e-001
 2.1368168e-001
 2.1379465e-001
 2.1402574e-001
 2.1434847e-001
 2.1473116e-001
 2.1513952e-001
 2.1553949e-001
 2.1589887e-001
 2.1619029e-001
 2.1639416e-001
 2.1650195e-001
 2.1651709e-001
 2.1645381e-001
 2.1633437e-001
 2.1618573e-001
 2.1603705e-001
 2.1591735e-001
 2.1585378e-001
 2.1586893e-001
 2.1597765e-001
 2.1618441e-001
 2.1648215e-001
 2.1685314e-001
 2.1727221e-001
 2.1770963e-001
 2.1813342e-001
 2.1851188e-001
 2.1881533e-001
 2.1901844e-001
 2.1910396e-001
 2.1906510e-001
 2.1890673e-001
 2.1864443e-001
 2.1830149e-001
 2.1790574e-001
 2.1748742e-001
 2.1707669e-001
 2.1670239e-001
 2.1639022e-001
 2.1616000e-001
 2.1602383e-001
 2.1598543e-001
 2.1604066e-001
 2.1617973e-001
 2.1638948e-001
 2.1665497e-001
 2.1696085e-001
 2.1729182e-001
 2.1763282e-001
 2.1796995e-001
 2.1829051e-001
 2.1858291e-001
 2.1883707e-001
 2.1904367e-001
 2.1919404e-001
 2.1927983e-001
 2.1929334e-001
 2.1922800e-001
 2.1907958e-001
 2.1884772e-001
 2.1853714e-001
 2.1815854e-001
 2.1772766e-001
 2.1726412e-001
 2.1678962e-001
 2.1632719e-001
 2.1589921e-001
 2.1552651e-001
 2.1522658e-001
 2.1501070e-001
 2.1488215e-001
 2.1483529e-001
 2.1485627e-001
 2.1492538e-001
 2.1501929e-001
 2.1511315e-001
 2.1518204e-001
 2.1520235e-001
 2.1515360e-001
 2.1502066e-001
 2.1479543e-001
 2.1447800e-001
 2.1407551e-001
 2.1360025e-001
 2.1306808e-001
 2.1249591e-001
 2.1190090e-001
 2.1129920e-001
 2.1070504e-001
 2.1012838e-001
 2.0957392e-001
 2.0904095e-001
 2.0852309e-001
 2.0801009e-001
 2.0748977e-001
 2.0694859e-001
 2.0637296e-001
 2.0575058e-001
 2.0507094e-001
 2.0432721e-001
 2.0351729e-001
 2.0264506e-001
 2.0171875e-001
 2.0075010e-001
 1.9975373e-001
 1.9874460e-001
 1.9773778e-001
 1.9674870e-001
 1.9579089e-001
 1.9487624e-001
 1.9401379e-001
 1.9321036e-001
 1.9246945e-001
 1.9179276e-001
 1.9118120e-001
 1.9063453e-001
 1.9015200e-001
 1.8973212e-001
 1.8937112e-001
 1.8906210e-001
 1.8879399e-001
 1.8855071e-001
 1.8831192e-001
 1.8805404e-001
 1.8775183e-001
 1.8737926e-001
 1.8691085e-001
 1.8632399e-001
 1.8560083e-001
 1.8473214e-001
 1.8372104e-001
 1.8258308e-001
 1.8134573e-001
 1.8004480e-001
 1.7872216e-001
 1.7742085e-001
 1.7618369e-001
 1.7505130e-001
 1.7405683e-001
 1.7322232e-001
 1.7255519e-001
 1.7204542e-001
 1.7166792e-001
 1.7138667e-001
 1.7115873e-001
 1.7093834e-001
 1.7067963e-001
 1.7033958e-001
 1.6988128e-001
 1.6927825e-001
 1.6851884e-001
 1.6760688e-001
 1.6656038e-001
 1.6540875e-001
 1.6418687e-001
 1.6293268e-001
 1.6168396e-001
 1.6047715e-001
 1.5934227e-001
 1.5830033e-001
 1.5736060e-001
 1.5651783e-001
 1.5575439e-001
 1.5504403e-001
 1.5435456e-001
 1.5365136e-001
 1.5290028e-001
 1.5206882e-001
 1.5112974e-001
 1.5006404e-001
 1.4886513e-001
 1.4753850e-001
 1.4610115e-001
 1.4457966e-001
 1.4300473e-001
 1.4140934e-001
 1.3982813e-001
 1.3829373e-001
 1.3683665e-001
 1.3548291e-001
 1.3425371e-001
 1.3316301e-001
 1.3221908e-001
 1.3142669e-001
 1.3078734e-001
 1.3030136e-001
 1.2996872e-001
 1.2978849e-001
 1.2975892e-001
 1.2987693e-001
 1.3013734e-001
 1.3053294e-001
 1.3105468e-001
 1.3169174e-001
 1.3243280e-001
 1.3326639e-001
 1.3418061e-001
 1.3516511e-001
 1.3621168e-001
 1.3731475e-001
 1.3847414e-001
 1.3969453e-001
 1.4098555e-001
 1.4235927e-001
 1.4383066e-001
 1.4541538e-001
 1.4712739e-001
 1.4897934e-001
 1.5097891e-001
 1.5312389e-001
 1.5540202e-001
 1.5778792e-001
 1.6024520e-001
 1.6272698e-001
 1.6518301e-001
 1.6756068e-001
 1.6980569e-001
 1.7186798e-001
 1.7370331e-001
 1.7527634e-001
 1.7656715e-001
 1.7757145e-001
 1.7829822e-001
 1.7876688e-001
 1.7900212e-001
 1.7903116e-001
 1.7888184e-001
 1.7858148e-001
 1.7815581e-001
 1.7762859e-001
 1.7702028e-001
 1.7634791e-001
 1.7562589e-001
 1.7486563e-001
 1.7407703e-001
 1.7326896e-001
 1.7245036e-001
 1.7162940e-001
 1.7081404e-001
 1.7001265e-001
 1.6925980e-001
 1.6869175e-001
 1.6797790e-001
 1.6729844e-001
 1.6665456e-001
 1.6604762e-001
 1.6547884e-001
 1.6494985e-001
 1.6446188e-001
 1.6401629e-001
 1.6361439e-001
 1.6325714e-001
 1.6294245e-001
 1.6266613e-001
 1.6242410e-001
 1.6221224e-001
 1.6202651e-001
 1.6186282e-001
 1.6171703e-001
 1.6158509e-001
 1.6146292e-001
 1.6134641e-001
 1.6123147e-001
 1.6111398e-001
 1.6098993e-001
 1.6085547e-001
 1.6070940e-001
 1.6055198e-001
 1.6038339e-001
 1.6020396e-001
 1.6001388e-001
 1.5981339e-001
 1.5960269e-001
 1.5938212e-001
 1.5915184e-001
 1.5891212e-001
 1.5866312e-001
 1.5840521e-001
 1.5813859e-001
 1.5786345e-001
 1.5758008e-001
 1.5728860e-001
 1.5698943e-001
 1.5668276e-001
 1.5636925e-001
 1.5604967e-001
 1.5572503e-001
 1.5539613e-001
 1.5506379e-001
 1.5472881e-001
 1.5439220e-001
 1.5405470e-001
 1.5371722e-001
 1.5338056e-001
 1.5304552e-001
 1.5271311e-001
 1.5238412e-001
 1.5205938e-001
 1.5173967e-001
 1.5142602e-001
 1.5111917e-001
 1.5082002e-001
 1.5052931e-001
 1.5024804e-001
 1.4997703e-001
 1.4971702e-001
 1.4946808e-001
 1.4923011e-001
 1.4900282e-001
 1.4878601e-001
 1.4857943e-001
 1.4838283e-001
 1.4819607e-001
 1.4801888e-001
 1.4785105e-001
 1.4769231e-001
 1.4754251e-001
 1.4740142e-001
 1.4726876e-001
 1.4714432e-001
 1.4702791e-001
 1.4691932e-001
 1.4681831e-001
 1.4672463e-001
 1.4663805e-001
 1.4655839e-001
 1.4648543e-001
 1.4641893e-001
 1.4635865e-001
 1.4630441e-001
 1.4625596e-001
 1.4621302e-001
 1.4617498e-001
 1.4614105e-001
 1.4611045e-001
 1.4608231e-001
 1.4605588e-001
 1.4603035e-001
 1.4600490e-001
 1.4597876e-001
 1.4595109e-001
 1.4592114e-001
 1.4588805e-001
 1.4585106e-001
 1.4580934e-001
 1.4576212e-001
 1.4570856e-001
 1.4564793e-001
 1.4557934e-001
 1.4550200e-001
 1.4541519e-001
 1.4531803e-001
 1.4520973e-001
 1.4508952e-001
 1.4495654e-001
 1.4481005e-001
 1.4464925e-001
 1.4447330e-001
 1.4428137e-001
 1.4407273e-001
 1.4384657e-001
 1.4360224e-001
 1.4334045e-001
 1.4306283e-001
 1.4277072e-001
